time_cur: 1
ROB_cur:0, 0
pc: 0
time_cur: 2
ROB_cur:0, 0
pc: 0
time_cur: 3
ROB_cur:0, 0
0
0 0 131072 0 0 0 0 0 0 0 0 0 0 0 0 0 0 0 0 0 0 0 0 0 0 0 0 0 0 0 0 0 
time_cur: 4
ROB_cur:1, 4
4
0 8 131072 0 0 0 0 0 0 0 0 0 0 0 0 0 0 0 0 0 0 0 0 0 0 0 0 0 0 0 0 0 
pc: 4
time_cur: 5
ROB_cur:2, 0
pc: 142c
time_cur: 6
ROB_cur:2, 142c
pc: 1430
time_cur: 7
ROB_cur:2, 142c
142c
0 8 131040 0 0 0 0 0 0 0 0 0 0 0 0 0 0 0 0 0 0 0 0 0 0 0 0 0 0 0 0 0 
pc: 1434
time_cur: 8
ROB_cur:3, 1430
1430
0 8 131040 0 0 0 0 0 0 0 0 0 0 0 0 0 0 0 0 0 0 0 0 0 0 0 0 0 0 0 0 0 
pc: 1438
time_cur: 9
ROB_cur:4, 1434
1434
0 8 131040 0 0 0 0 0 0 0 0 0 0 0 0 0 0 0 0 0 0 0 0 0 0 0 0 0 0 0 0 0 
pc: 143c
time_cur: 10
ROB_cur:5, 1438
1438
0 8 131040 0 0 0 0 0 0 0 0 0 0 0 0 0 0 0 0 0 0 0 0 0 0 0 0 0 0 0 0 0 
pc: 1440
time_cur: 11
ROB_cur:6, 143c
143c
0 8 131040 0 0 0 0 0 0 0 0 0 0 0 0 0 0 0 0 0 0 0 0 0 0 0 0 0 0 0 0 0 
pc: 1444
time_cur: 12
ROB_cur:7, 1440
1440
0 8 131040 0 0 0 0 0 0 0 0 0 0 0 0 0 0 0 0 0 0 0 0 0 0 0 0 0 0 0 0 0 
pc: 1448
time_cur: 13
ROB_cur:8, 1444
1444
0 8 131040 0 0 0 0 0 0 0 0 0 0 0 0 0 0 0 0 0 0 0 0 0 0 0 0 0 0 0 0 0 
pc: 144c
time_cur: 14
ROB_cur:9, 1448
1448
0 8 131040 0 0 0 0 0 0 0 0 0 0 0 0 0 0 0 0 0 0 0 0 0 0 0 0 0 0 0 0 0 
pc: 1450
time_cur: 15
ROB_cur:10, 144c
144c
0 8 131040 0 0 0 0 0 0 0 0 0 0 0 0 4096 0 0 0 0 0 0 0 0 0 0 0 0 0 0 0 0 
pc: 1454
time_cur: 16
ROB_cur:11, 1450
1450
0 8 131040 0 0 0 0 0 0 0 0 0 0 0 210 4096 0 0 0 0 0 0 0 0 0 0 0 0 0 0 0 0 
pc: 1458
time_cur: 17
ROB_cur:12, 1454
1454
0 8 131040 0 0 0 0 0 0 0 0 0 0 0 210 4096 0 0 0 0 0 0 0 0 0 0 0 0 0 0 0 0 
pc: 145c
time_cur: 18
ROB_cur:13, 1458
1458
0 8 131040 0 0 0 0 0 0 0 0 0 0 0 210 4096 0 0 0 0 0 0 0 0 0 0 0 0 0 0 0 0 
pc: 1460
time_cur: 19
ROB_cur:14, 145c
145c
0 8 131040 0 0 0 0 0 0 0 0 0 0 0 210 4096 0 0 0 0 0 0 0 0 0 0 0 0 0 0 0 0 
pc: 1464
time_cur: 20
ROB_cur:15, 1460
1460
0 8 131040 0 0 0 0 0 0 0 0 0 0 0 210 4096 0 0 0 0 0 0 0 0 0 0 0 0 0 0 0 0 
pc: 1468
time_cur: 21
ROB_cur:16, 1464
pc: 146c
time_cur: 22
ROB_cur:16, 1464
pc: 1470
time_cur: 23
ROB_cur:16, 1464
pc: 1474
time_cur: 24
ROB_cur:16, 1464
time_cur: 25
ROB_cur:16, 1464
pc: 1478
time_cur: 26
ROB_cur:16, 1464
pc: 161c
time_cur: 27
ROB_cur:16, 1464
pc: 1620
time_cur: 28
ROB_cur:16, 1464
pc: 1624
time_cur: 29
ROB_cur:16, 1464
pc: 1628
time_cur: 30
ROB_cur:16, 1464
pc: 162c
time_cur: 31
ROB_cur:16, 1464
pc: 1630
time_cur: 32
ROB_cur:16, 1464
pc: 1634
time_cur: 33
ROB_cur:16, 1464
pc: 1638
time_cur: 34
ROB_cur:16, 1464
pc: 163c
time_cur: 35
ROB_cur:16, 1464
pc: 1640
time_cur: 36
ROB_cur:16, 1464
pc: 1644
time_cur: 37
ROB_cur:16, 1464
pc: 1648
time_cur: 38
ROB_cur:16, 1464
pc: 164c
time_cur: 39
ROB_cur:16, 1464
1464
0 8 131040 0 0 0 0 0 2147483647 0 0 0 0 0 210 4096 0 0 0 0 0 0 0 0 0 0 0 0 0 0 0 0 
pc: 1650
time_cur: 40
ROB_cur:17, 1468
1468
0 8 131040 0 0 0 0 0 2147483647 0 0 0 0 0 210 4096 0 0 0 0 0 0 0 0 0 0 0 0 0 0 0 0 
pc: 1654
time_cur: 41
ROB_cur:18, 146c
pc: 1658
time_cur: 42
ROB_cur:18, 146c
146c
0 8 131040 0 0 0 0 0 2147483647 48271 0 0 0 0 210 4096 0 0 0 0 0 0 0 0 0 0 0 0 0 0 0 0 
pc: 165c
time_cur: 43
ROB_cur:19, 1470
1470
0 8 131040 0 0 0 0 0 2147483647 48271 0 48271 0 0 210 4096 0 0 0 0 0 0 0 0 0 0 0 0 0 0 0 0 
pc: 1660
time_cur: 44
ROB_cur:20, 1474
1474
0 8 131040 0 0 0 0 0 2147483647 48271 2147483647 48271 0 0 210 4096 0 0 0 0 0 0 0 0 0 0 0 0 0 0 0 0 
pc: 1664
time_cur: 45
ROB_cur:21, 1478
1478
0 5244 131040 0 0 0 0 0 2147483647 48271 2147483647 48271 0 0 210 4096 0 0 0 0 0 0 0 0 0 0 0 0 0 0 0 0 
time_cur: 46
ROB_cur:22, 161c
161c
0 5244 131040 0 0 0 0 0 2147483647 48271 2147483647 48271 0 0 210 4096 0 0 0 0 0 0 0 0 0 0 0 0 0 0 0 0 
pc: 1668
time_cur: 47
ROB_cur:23, 1620
1620
0 5244 131040 0 0 0 0 0 2147483647 48271 2147483647 48271 0 0 210 4096 0 0 0 0 0 0 0 0 0 0 0 0 0 0 0 0 
pc: 147c
time_cur: 48
ROB_cur:24, 1624
1624
0 5244 131040 0 0 0 0 0 2147483647 48271 2147483647 48271 48271 0 210 4096 0 0 0 0 0 0 0 0 0 0 0 0 0 0 0 0 
pc: 1480
time_cur: 49
ROB_cur:25, 1628
1628
0 5244 131040 0 0 0 0 0 2147483647 48271 2147483647 2147483647 48271 0 210 4096 0 0 0 0 0 0 0 0 0 0 0 0 0 0 0 0 
pc: 1484
time_cur: 50
ROB_cur:26, 162c
162c
0 5244 131040 0 0 0 0 0 2147483647 48271 4294967295 2147483647 48271 0 210 4096 0 0 0 0 0 0 0 0 0 0 0 0 0 0 0 0 
pc: 1488
time_cur: 51
ROB_cur:27, 1630
1630
0 5244 131040 0 0 0 0 0 2147483647 48271 4294967295 2147483647 48271 0 210 4096 0 0 0 0 0 0 0 0 0 0 0 0 0 0 0 0 
time_cur: 52
ROB_cur:28, 1634
1634
0 5244 131040 0 0 0 0 0 2147483647 48271 4294967295 2147483647 48271 1 210 4096 0 0 0 0 0 0 0 0 0 0 0 0 0 0 0 0 
pc: 148c
time_cur: 53
ROB_cur:29, 1638
1638
0 5244 131040 0 0 0 0 0 2147483647 48271 4294967295 2147483647 48271 1 210 4096 0 0 0 0 0 0 0 0 0 0 0 0 0 0 0 0 
pc: 16a0
time_cur: 54
ROB_cur:30, 163c
163c
0 5244 131040 0 0 0 0 0 2147483647 48271 4294967295 2147483647 48271 1 210 4096 0 0 0 0 0 0 0 0 0 0 0 0 0 0 0 0 
pc: 16a4
time_cur: 55
ROB_cur:31, 1640
1640
0 5244 131040 0 0 0 0 0 2147483647 48271 4294967295 2147483647 96542 1 210 4096 0 0 0 0 0 0 0 0 0 0 0 0 0 0 0 0 
pc: 16a8
time_cur: 56
ROB_cur:0, 1644
1644
0 5244 131040 0 0 0 0 0 2147483647 48271 4294967295 2147483647 96542 2 210 4096 0 0 0 0 0 0 0 0 0 0 0 0 0 0 0 0 
time_cur: 57
ROB_cur:1, 1648
1648
0 5244 131040 0 0 0 0 0 2147483647 48271 4294967295 2147483647 96542 2 210 4096 0 0 0 0 0 0 0 0 0 0 0 0 0 0 0 0 
time_cur: 58
ROB_cur:0, 0
pc: 16ac
time_cur: 59
ROB_cur:0, 0
pc: 163c
time_cur: 60
ROB_cur:0, 163c
pc: 1640
time_cur: 61
ROB_cur:0, 163c
163c
0 5244 131040 0 0 0 0 0 2147483647 48271 4294967295 2147483647 96542 2 210 4096 0 0 0 0 0 0 0 0 0 0 0 0 0 0 0 0 
pc: 1644
time_cur: 62
ROB_cur:1, 1640
1640
0 5244 131040 0 0 0 0 0 2147483647 48271 4294967295 2147483647 193084 2 210 4096 0 0 0 0 0 0 0 0 0 0 0 0 0 0 0 0 
pc: 1648
time_cur: 63
ROB_cur:2, 1644
1644
0 5244 131040 0 0 0 0 0 2147483647 48271 4294967295 2147483647 193084 4 210 4096 0 0 0 0 0 0 0 0 0 0 0 0 0 0 0 0 
pc: 164c
time_cur: 64
ROB_cur:3, 1648
1648
0 5244 131040 0 0 0 0 0 2147483647 48271 4294967295 2147483647 193084 4 210 4096 0 0 0 0 0 0 0 0 0 0 0 0 0 0 0 0 
time_cur: 65
ROB_cur:0, 0
pc: 1650
time_cur: 66
ROB_cur:0, 0
pc: 163c
time_cur: 67
ROB_cur:0, 163c
pc: 1640
time_cur: 68
ROB_cur:0, 163c
163c
0 5244 131040 0 0 0 0 0 2147483647 48271 4294967295 2147483647 193084 4 210 4096 0 0 0 0 0 0 0 0 0 0 0 0 0 0 0 0 
pc: 1644
time_cur: 69
ROB_cur:1, 1640
1640
0 5244 131040 0 0 0 0 0 2147483647 48271 4294967295 2147483647 386168 4 210 4096 0 0 0 0 0 0 0 0 0 0 0 0 0 0 0 0 
pc: 1648
time_cur: 70
ROB_cur:2, 1644
1644
0 5244 131040 0 0 0 0 0 2147483647 48271 4294967295 2147483647 386168 8 210 4096 0 0 0 0 0 0 0 0 0 0 0 0 0 0 0 0 
pc: 164c
time_cur: 71
ROB_cur:3, 1648
1648
0 5244 131040 0 0 0 0 0 2147483647 48271 4294967295 2147483647 386168 8 210 4096 0 0 0 0 0 0 0 0 0 0 0 0 0 0 0 0 
time_cur: 72
ROB_cur:0, 0
pc: 1650
time_cur: 73
ROB_cur:0, 0
pc: 163c
time_cur: 74
ROB_cur:0, 163c
pc: 1640
time_cur: 75
ROB_cur:0, 163c
163c
0 5244 131040 0 0 0 0 0 2147483647 48271 4294967295 2147483647 386168 8 210 4096 0 0 0 0 0 0 0 0 0 0 0 0 0 0 0 0 
pc: 1644
time_cur: 76
ROB_cur:1, 1640
1640
0 5244 131040 0 0 0 0 0 2147483647 48271 4294967295 2147483647 772336 8 210 4096 0 0 0 0 0 0 0 0 0 0 0 0 0 0 0 0 
pc: 1648
time_cur: 77
ROB_cur:2, 1644
1644
0 5244 131040 0 0 0 0 0 2147483647 48271 4294967295 2147483647 772336 16 210 4096 0 0 0 0 0 0 0 0 0 0 0 0 0 0 0 0 
pc: 164c
time_cur: 78
ROB_cur:3, 1648
1648
0 5244 131040 0 0 0 0 0 2147483647 48271 4294967295 2147483647 772336 16 210 4096 0 0 0 0 0 0 0 0 0 0 0 0 0 0 0 0 
time_cur: 79
ROB_cur:0, 0
pc: 1650
time_cur: 80
ROB_cur:0, 0
pc: 163c
time_cur: 81
ROB_cur:0, 163c
pc: 1640
time_cur: 82
ROB_cur:0, 163c
163c
0 5244 131040 0 0 0 0 0 2147483647 48271 4294967295 2147483647 772336 16 210 4096 0 0 0 0 0 0 0 0 0 0 0 0 0 0 0 0 
pc: 1644
time_cur: 83
ROB_cur:1, 1640
1640
0 5244 131040 0 0 0 0 0 2147483647 48271 4294967295 2147483647 1544672 16 210 4096 0 0 0 0 0 0 0 0 0 0 0 0 0 0 0 0 
pc: 1648
time_cur: 84
ROB_cur:2, 1644
1644
0 5244 131040 0 0 0 0 0 2147483647 48271 4294967295 2147483647 1544672 32 210 4096 0 0 0 0 0 0 0 0 0 0 0 0 0 0 0 0 
pc: 164c
time_cur: 85
ROB_cur:3, 1648
1648
0 5244 131040 0 0 0 0 0 2147483647 48271 4294967295 2147483647 1544672 32 210 4096 0 0 0 0 0 0 0 0 0 0 0 0 0 0 0 0 
time_cur: 86
ROB_cur:0, 0
pc: 1650
time_cur: 87
ROB_cur:0, 0
pc: 163c
time_cur: 88
ROB_cur:0, 163c
pc: 1640
time_cur: 89
ROB_cur:0, 163c
163c
0 5244 131040 0 0 0 0 0 2147483647 48271 4294967295 2147483647 1544672 32 210 4096 0 0 0 0 0 0 0 0 0 0 0 0 0 0 0 0 
pc: 1644
time_cur: 90
ROB_cur:1, 1640
1640
0 5244 131040 0 0 0 0 0 2147483647 48271 4294967295 2147483647 3089344 32 210 4096 0 0 0 0 0 0 0 0 0 0 0 0 0 0 0 0 
pc: 1648
time_cur: 91
ROB_cur:2, 1644
1644
0 5244 131040 0 0 0 0 0 2147483647 48271 4294967295 2147483647 3089344 64 210 4096 0 0 0 0 0 0 0 0 0 0 0 0 0 0 0 0 
pc: 164c
time_cur: 92
ROB_cur:3, 1648
1648
0 5244 131040 0 0 0 0 0 2147483647 48271 4294967295 2147483647 3089344 64 210 4096 0 0 0 0 0 0 0 0 0 0 0 0 0 0 0 0 
time_cur: 93
ROB_cur:0, 0
pc: 1650
time_cur: 94
ROB_cur:0, 0
pc: 163c
time_cur: 95
ROB_cur:0, 163c
pc: 1640
time_cur: 96
ROB_cur:0, 163c
163c
0 5244 131040 0 0 0 0 0 2147483647 48271 4294967295 2147483647 3089344 64 210 4096 0 0 0 0 0 0 0 0 0 0 0 0 0 0 0 0 
pc: 1644
time_cur: 97
ROB_cur:1, 1640
1640
0 5244 131040 0 0 0 0 0 2147483647 48271 4294967295 2147483647 6178688 64 210 4096 0 0 0 0 0 0 0 0 0 0 0 0 0 0 0 0 
pc: 1648
time_cur: 98
ROB_cur:2, 1644
1644
0 5244 131040 0 0 0 0 0 2147483647 48271 4294967295 2147483647 6178688 128 210 4096 0 0 0 0 0 0 0 0 0 0 0 0 0 0 0 0 
pc: 164c
time_cur: 99
ROB_cur:3, 1648
1648
0 5244 131040 0 0 0 0 0 2147483647 48271 4294967295 2147483647 6178688 128 210 4096 0 0 0 0 0 0 0 0 0 0 0 0 0 0 0 0 
time_cur: 100
ROB_cur:0, 0
pc: 1650
time_cur: 101
ROB_cur:0, 0
pc: 163c
time_cur: 102
ROB_cur:0, 163c
pc: 1640
time_cur: 103
ROB_cur:0, 163c
163c
0 5244 131040 0 0 0 0 0 2147483647 48271 4294967295 2147483647 6178688 128 210 4096 0 0 0 0 0 0 0 0 0 0 0 0 0 0 0 0 
pc: 1644
time_cur: 104
ROB_cur:1, 1640
1640
0 5244 131040 0 0 0 0 0 2147483647 48271 4294967295 2147483647 12357376 128 210 4096 0 0 0 0 0 0 0 0 0 0 0 0 0 0 0 0 
pc: 1648
time_cur: 105
ROB_cur:2, 1644
1644
0 5244 131040 0 0 0 0 0 2147483647 48271 4294967295 2147483647 12357376 256 210 4096 0 0 0 0 0 0 0 0 0 0 0 0 0 0 0 0 
pc: 164c
time_cur: 106
ROB_cur:3, 1648
1648
0 5244 131040 0 0 0 0 0 2147483647 48271 4294967295 2147483647 12357376 256 210 4096 0 0 0 0 0 0 0 0 0 0 0 0 0 0 0 0 
time_cur: 107
ROB_cur:0, 0
pc: 1650
time_cur: 108
ROB_cur:0, 0
pc: 163c
time_cur: 109
ROB_cur:0, 163c
pc: 1640
time_cur: 110
ROB_cur:0, 163c
163c
0 5244 131040 0 0 0 0 0 2147483647 48271 4294967295 2147483647 12357376 256 210 4096 0 0 0 0 0 0 0 0 0 0 0 0 0 0 0 0 
pc: 1644
time_cur: 111
ROB_cur:1, 1640
1640
0 5244 131040 0 0 0 0 0 2147483647 48271 4294967295 2147483647 24714752 256 210 4096 0 0 0 0 0 0 0 0 0 0 0 0 0 0 0 0 
pc: 1648
time_cur: 112
ROB_cur:2, 1644
1644
0 5244 131040 0 0 0 0 0 2147483647 48271 4294967295 2147483647 24714752 512 210 4096 0 0 0 0 0 0 0 0 0 0 0 0 0 0 0 0 
pc: 164c
time_cur: 113
ROB_cur:3, 1648
1648
0 5244 131040 0 0 0 0 0 2147483647 48271 4294967295 2147483647 24714752 512 210 4096 0 0 0 0 0 0 0 0 0 0 0 0 0 0 0 0 
time_cur: 114
ROB_cur:0, 0
pc: 1650
time_cur: 115
ROB_cur:0, 0
pc: 163c
time_cur: 116
ROB_cur:0, 163c
pc: 1640
time_cur: 117
ROB_cur:0, 163c
163c
0 5244 131040 0 0 0 0 0 2147483647 48271 4294967295 2147483647 24714752 512 210 4096 0 0 0 0 0 0 0 0 0 0 0 0 0 0 0 0 
pc: 1644
time_cur: 118
ROB_cur:1, 1640
1640
0 5244 131040 0 0 0 0 0 2147483647 48271 4294967295 2147483647 49429504 512 210 4096 0 0 0 0 0 0 0 0 0 0 0 0 0 0 0 0 
pc: 1648
time_cur: 119
ROB_cur:2, 1644
1644
0 5244 131040 0 0 0 0 0 2147483647 48271 4294967295 2147483647 49429504 1024 210 4096 0 0 0 0 0 0 0 0 0 0 0 0 0 0 0 0 
pc: 164c
time_cur: 120
ROB_cur:3, 1648
1648
0 5244 131040 0 0 0 0 0 2147483647 48271 4294967295 2147483647 49429504 1024 210 4096 0 0 0 0 0 0 0 0 0 0 0 0 0 0 0 0 
time_cur: 121
ROB_cur:0, 0
pc: 1650
time_cur: 122
ROB_cur:0, 0
pc: 163c
time_cur: 123
ROB_cur:0, 163c
pc: 1640
time_cur: 124
ROB_cur:0, 163c
163c
0 5244 131040 0 0 0 0 0 2147483647 48271 4294967295 2147483647 49429504 1024 210 4096 0 0 0 0 0 0 0 0 0 0 0 0 0 0 0 0 
pc: 1644
time_cur: 125
ROB_cur:1, 1640
1640
0 5244 131040 0 0 0 0 0 2147483647 48271 4294967295 2147483647 98859008 1024 210 4096 0 0 0 0 0 0 0 0 0 0 0 0 0 0 0 0 
pc: 1648
time_cur: 126
ROB_cur:2, 1644
1644
0 5244 131040 0 0 0 0 0 2147483647 48271 4294967295 2147483647 98859008 2048 210 4096 0 0 0 0 0 0 0 0 0 0 0 0 0 0 0 0 
pc: 164c
time_cur: 127
ROB_cur:3, 1648
1648
0 5244 131040 0 0 0 0 0 2147483647 48271 4294967295 2147483647 98859008 2048 210 4096 0 0 0 0 0 0 0 0 0 0 0 0 0 0 0 0 
time_cur: 128
ROB_cur:0, 0
pc: 1650
time_cur: 129
ROB_cur:0, 0
pc: 163c
time_cur: 130
ROB_cur:0, 163c
pc: 1640
time_cur: 131
ROB_cur:0, 163c
163c
0 5244 131040 0 0 0 0 0 2147483647 48271 4294967295 2147483647 98859008 2048 210 4096 0 0 0 0 0 0 0 0 0 0 0 0 0 0 0 0 
pc: 1644
time_cur: 132
ROB_cur:1, 1640
1640
0 5244 131040 0 0 0 0 0 2147483647 48271 4294967295 2147483647 197718016 2048 210 4096 0 0 0 0 0 0 0 0 0 0 0 0 0 0 0 0 
pc: 1648
time_cur: 133
ROB_cur:2, 1644
1644
0 5244 131040 0 0 0 0 0 2147483647 48271 4294967295 2147483647 197718016 4096 210 4096 0 0 0 0 0 0 0 0 0 0 0 0 0 0 0 0 
pc: 164c
time_cur: 134
ROB_cur:3, 1648
1648
0 5244 131040 0 0 0 0 0 2147483647 48271 4294967295 2147483647 197718016 4096 210 4096 0 0 0 0 0 0 0 0 0 0 0 0 0 0 0 0 
time_cur: 135
ROB_cur:0, 0
pc: 1650
time_cur: 136
ROB_cur:0, 0
pc: 163c
time_cur: 137
ROB_cur:0, 163c
pc: 1640
time_cur: 138
ROB_cur:0, 163c
163c
0 5244 131040 0 0 0 0 0 2147483647 48271 4294967295 2147483647 197718016 4096 210 4096 0 0 0 0 0 0 0 0 0 0 0 0 0 0 0 0 
pc: 1644
time_cur: 139
ROB_cur:1, 1640
1640
0 5244 131040 0 0 0 0 0 2147483647 48271 4294967295 2147483647 395436032 4096 210 4096 0 0 0 0 0 0 0 0 0 0 0 0 0 0 0 0 
pc: 1648
time_cur: 140
ROB_cur:2, 1644
1644
0 5244 131040 0 0 0 0 0 2147483647 48271 4294967295 2147483647 395436032 8192 210 4096 0 0 0 0 0 0 0 0 0 0 0 0 0 0 0 0 
pc: 164c
time_cur: 141
ROB_cur:3, 1648
1648
0 5244 131040 0 0 0 0 0 2147483647 48271 4294967295 2147483647 395436032 8192 210 4096 0 0 0 0 0 0 0 0 0 0 0 0 0 0 0 0 
time_cur: 142
ROB_cur:0, 0
pc: 1650
time_cur: 143
ROB_cur:0, 0
pc: 163c
time_cur: 144
ROB_cur:0, 163c
pc: 1640
time_cur: 145
ROB_cur:0, 163c
163c
0 5244 131040 0 0 0 0 0 2147483647 48271 4294967295 2147483647 395436032 8192 210 4096 0 0 0 0 0 0 0 0 0 0 0 0 0 0 0 0 
pc: 1644
time_cur: 146
ROB_cur:1, 1640
1640
0 5244 131040 0 0 0 0 0 2147483647 48271 4294967295 2147483647 790872064 8192 210 4096 0 0 0 0 0 0 0 0 0 0 0 0 0 0 0 0 
pc: 1648
time_cur: 147
ROB_cur:2, 1644
1644
0 5244 131040 0 0 0 0 0 2147483647 48271 4294967295 2147483647 790872064 16384 210 4096 0 0 0 0 0 0 0 0 0 0 0 0 0 0 0 0 
pc: 164c
time_cur: 148
ROB_cur:3, 1648
1648
0 5244 131040 0 0 0 0 0 2147483647 48271 4294967295 2147483647 790872064 16384 210 4096 0 0 0 0 0 0 0 0 0 0 0 0 0 0 0 0 
time_cur: 149
ROB_cur:0, 0
pc: 1650
time_cur: 150
ROB_cur:0, 0
pc: 163c
time_cur: 151
ROB_cur:0, 163c
pc: 1640
time_cur: 152
ROB_cur:0, 163c
163c
0 5244 131040 0 0 0 0 0 2147483647 48271 4294967295 2147483647 790872064 16384 210 4096 0 0 0 0 0 0 0 0 0 0 0 0 0 0 0 0 
pc: 1644
time_cur: 153
ROB_cur:1, 1640
1640
0 5244 131040 0 0 0 0 0 2147483647 48271 4294967295 2147483647 1581744128 16384 210 4096 0 0 0 0 0 0 0 0 0 0 0 0 0 0 0 0 
pc: 1648
time_cur: 154
ROB_cur:2, 1644
1644
0 5244 131040 0 0 0 0 0 2147483647 48271 4294967295 2147483647 1581744128 32768 210 4096 0 0 0 0 0 0 0 0 0 0 0 0 0 0 0 0 
pc: 164c
time_cur: 155
ROB_cur:3, 1648
1648
0 5244 131040 0 0 0 0 0 2147483647 48271 4294967295 2147483647 1581744128 32768 210 4096 0 0 0 0 0 0 0 0 0 0 0 0 0 0 0 0 
time_cur: 156
ROB_cur:0, 0
pc: 1650
time_cur: 157
ROB_cur:0, 0
pc: 163c
time_cur: 158
ROB_cur:0, 163c
pc: 1640
time_cur: 159
ROB_cur:0, 163c
163c
0 5244 131040 0 0 0 0 0 2147483647 48271 4294967295 2147483647 1581744128 32768 210 4096 0 0 0 0 0 0 0 0 0 0 0 0 0 0 0 0 
pc: 1644
time_cur: 160
ROB_cur:1, 1640
1640
0 5244 131040 0 0 0 0 0 2147483647 48271 4294967295 2147483647 3163488256 32768 210 4096 0 0 0 0 0 0 0 0 0 0 0 0 0 0 0 0 
pc: 1648
time_cur: 161
ROB_cur:2, 1644
1644
0 5244 131040 0 0 0 0 0 2147483647 48271 4294967295 2147483647 3163488256 65536 210 4096 0 0 0 0 0 0 0 0 0 0 0 0 0 0 0 0 
pc: 164c
time_cur: 162
ROB_cur:3, 1648
1648
0 5244 131040 0 0 0 0 0 2147483647 48271 4294967295 2147483647 3163488256 65536 210 4096 0 0 0 0 0 0 0 0 0 0 0 0 0 0 0 0 
pc: 1650
time_cur: 163
ROB_cur:4, 164c
164c
0 5244 131040 0 0 0 0 0 2147483647 48271 0 2147483647 3163488256 65536 210 4096 0 0 0 0 0 0 0 0 0 0 0 0 0 0 0 0 
pc: 1654
time_cur: 164
ROB_cur:5, 1650
1650
0 5244 131040 0 0 0 0 0 2147483647 48271 0 2147483647 3163488256 65536 210 4096 0 0 0 0 0 0 0 0 0 0 0 0 0 0 0 0 
time_cur: 165
ROB_cur:0, 0
pc: 1658
time_cur: 166
ROB_cur:0, 0
pc: 165c
time_cur: 167
ROB_cur:0, 165c
pc: 1660
time_cur: 168
ROB_cur:0, 165c
165c
0 5244 131040 0 0 0 0 0 2147483647 48271 0 2147483647 3163488256 32768 210 4096 0 0 0 0 0 0 0 0 0 0 0 0 0 0 0 0 
pc: 1664
time_cur: 169
ROB_cur:1, 1660
1660
0 5244 131040 0 0 0 0 0 2147483647 48271 0 2147483647 1581744128 32768 210 4096 0 0 0 0 0 0 0 0 0 0 0 0 0 0 0 0 
time_cur: 170
ROB_cur:2, 1664
1664
0 5244 131040 0 0 0 0 0 2147483647 48271 0 2147483647 1581744128 32768 210 4096 0 0 0 0 0 0 0 0 0 0 0 0 0 0 0 0 
time_cur: 171
ROB_cur:0, 0
pc: 1668
time_cur: 172
ROB_cur:0, 0
pc: 1650
time_cur: 173
ROB_cur:0, 1650
pc: 1654
time_cur: 174
ROB_cur:0, 1650
1650
0 5244 131040 0 0 0 0 0 2147483647 48271 0 2147483647 1581744128 32768 210 4096 0 0 0 0 0 0 0 0 0 0 0 0 0 0 0 0 
pc: 1658
time_cur: 175
ROB_cur:1, 1654
1654
0 5244 131040 0 0 0 0 0 2147483647 48271 0 565739519 1581744128 32768 210 4096 0 0 0 0 0 0 0 0 0 0 0 0 0 0 0 0 
pc: 165c
time_cur: 176
ROB_cur:2, 1658
1658
0 5244 131040 0 0 0 0 0 2147483647 48271 32768 565739519 1581744128 32768 210 4096 0 0 0 0 0 0 0 0 0 0 0 0 0 0 0 0 
pc: 1660
time_cur: 177
ROB_cur:3, 165c
165c
0 5244 131040 0 0 0 0 0 2147483647 48271 32768 565739519 1581744128 16384 210 4096 0 0 0 0 0 0 0 0 0 0 0 0 0 0 0 0 
pc: 1664
time_cur: 178
ROB_cur:4, 1660
1660
0 5244 131040 0 0 0 0 0 2147483647 48271 32768 565739519 790872064 16384 210 4096 0 0 0 0 0 0 0 0 0 0 0 0 0 0 0 0 
time_cur: 179
ROB_cur:5, 1664
1664
0 5244 131040 0 0 0 0 0 2147483647 48271 32768 565739519 790872064 16384 210 4096 0 0 0 0 0 0 0 0 0 0 0 0 0 0 0 0 
time_cur: 180
ROB_cur:0, 0
pc: 1668
time_cur: 181
ROB_cur:0, 0
pc: 1650
time_cur: 182
ROB_cur:0, 1650
pc: 1654
time_cur: 183
ROB_cur:0, 1650
1650
0 5244 131040 0 0 0 0 0 2147483647 48271 32768 565739519 790872064 16384 210 4096 0 0 0 0 0 0 0 0 0 0 0 0 0 0 0 0 
time_cur: 184
ROB_cur:0, 0
pc: 1658
time_cur: 185
ROB_cur:0, 0
pc: 165c
time_cur: 186
ROB_cur:0, 165c
pc: 1660
time_cur: 187
ROB_cur:0, 165c
165c
0 5244 131040 0 0 0 0 0 2147483647 48271 32768 565739519 790872064 8192 210 4096 0 0 0 0 0 0 0 0 0 0 0 0 0 0 0 0 
pc: 1664
time_cur: 188
ROB_cur:1, 1660
1660
0 5244 131040 0 0 0 0 0 2147483647 48271 32768 565739519 395436032 8192 210 4096 0 0 0 0 0 0 0 0 0 0 0 0 0 0 0 0 
time_cur: 189
ROB_cur:2, 1664
1664
0 5244 131040 0 0 0 0 0 2147483647 48271 32768 565739519 395436032 8192 210 4096 0 0 0 0 0 0 0 0 0 0 0 0 0 0 0 0 
time_cur: 190
ROB_cur:0, 0
pc: 1668
time_cur: 191
ROB_cur:0, 0
pc: 1650
time_cur: 192
ROB_cur:0, 1650
pc: 1654
time_cur: 193
ROB_cur:0, 1650
1650
0 5244 131040 0 0 0 0 0 2147483647 48271 32768 565739519 395436032 8192 210 4096 0 0 0 0 0 0 0 0 0 0 0 0 0 0 0 0 
pc: 1658
time_cur: 194
ROB_cur:1, 1654
1654
0 5244 131040 0 0 0 0 0 2147483647 48271 32768 170303487 395436032 8192 210 4096 0 0 0 0 0 0 0 0 0 0 0 0 0 0 0 0 
pc: 165c
time_cur: 195
ROB_cur:2, 1658
1658
0 5244 131040 0 0 0 0 0 2147483647 48271 40960 170303487 395436032 8192 210 4096 0 0 0 0 0 0 0 0 0 0 0 0 0 0 0 0 
pc: 1660
time_cur: 196
ROB_cur:3, 165c
165c
0 5244 131040 0 0 0 0 0 2147483647 48271 40960 170303487 395436032 4096 210 4096 0 0 0 0 0 0 0 0 0 0 0 0 0 0 0 0 
pc: 1664
time_cur: 197
ROB_cur:4, 1660
1660
0 5244 131040 0 0 0 0 0 2147483647 48271 40960 170303487 197718016 4096 210 4096 0 0 0 0 0 0 0 0 0 0 0 0 0 0 0 0 
time_cur: 198
ROB_cur:5, 1664
1664
0 5244 131040 0 0 0 0 0 2147483647 48271 40960 170303487 197718016 4096 210 4096 0 0 0 0 0 0 0 0 0 0 0 0 0 0 0 0 
time_cur: 199
ROB_cur:0, 0
pc: 1668
time_cur: 200
ROB_cur:0, 0
pc: 1650
time_cur: 201
ROB_cur:0, 1650
pc: 1654
time_cur: 202
ROB_cur:0, 1650
1650
0 5244 131040 0 0 0 0 0 2147483647 48271 40960 170303487 197718016 4096 210 4096 0 0 0 0 0 0 0 0 0 0 0 0 0 0 0 0 
time_cur: 203
ROB_cur:0, 0
pc: 1658
time_cur: 204
ROB_cur:0, 0
pc: 165c
time_cur: 205
ROB_cur:0, 165c
pc: 1660
time_cur: 206
ROB_cur:0, 165c
165c
0 5244 131040 0 0 0 0 0 2147483647 48271 40960 170303487 197718016 2048 210 4096 0 0 0 0 0 0 0 0 0 0 0 0 0 0 0 0 
pc: 1664
time_cur: 207
ROB_cur:1, 1660
1660
0 5244 131040 0 0 0 0 0 2147483647 48271 40960 170303487 98859008 2048 210 4096 0 0 0 0 0 0 0 0 0 0 0 0 0 0 0 0 
time_cur: 208
ROB_cur:2, 1664
1664
0 5244 131040 0 0 0 0 0 2147483647 48271 40960 170303487 98859008 2048 210 4096 0 0 0 0 0 0 0 0 0 0 0 0 0 0 0 0 
time_cur: 209
ROB_cur:0, 0
pc: 1668
time_cur: 210
ROB_cur:0, 0
pc: 1650
time_cur: 211
ROB_cur:0, 1650
pc: 1654
time_cur: 212
ROB_cur:0, 1650
1650
0 5244 131040 0 0 0 0 0 2147483647 48271 40960 170303487 98859008 2048 210 4096 0 0 0 0 0 0 0 0 0 0 0 0 0 0 0 0 
pc: 1658
time_cur: 213
ROB_cur:1, 1654
1654
0 5244 131040 0 0 0 0 0 2147483647 48271 40960 71444479 98859008 2048 210 4096 0 0 0 0 0 0 0 0 0 0 0 0 0 0 0 0 
pc: 165c
time_cur: 214
ROB_cur:2, 1658
1658
0 5244 131040 0 0 0 0 0 2147483647 48271 43008 71444479 98859008 2048 210 4096 0 0 0 0 0 0 0 0 0 0 0 0 0 0 0 0 
pc: 1660
time_cur: 215
ROB_cur:3, 165c
165c
0 5244 131040 0 0 0 0 0 2147483647 48271 43008 71444479 98859008 1024 210 4096 0 0 0 0 0 0 0 0 0 0 0 0 0 0 0 0 
pc: 1664
time_cur: 216
ROB_cur:4, 1660
1660
0 5244 131040 0 0 0 0 0 2147483647 48271 43008 71444479 49429504 1024 210 4096 0 0 0 0 0 0 0 0 0 0 0 0 0 0 0 0 
time_cur: 217
ROB_cur:5, 1664
1664
0 5244 131040 0 0 0 0 0 2147483647 48271 43008 71444479 49429504 1024 210 4096 0 0 0 0 0 0 0 0 0 0 0 0 0 0 0 0 
time_cur: 218
ROB_cur:0, 0
pc: 1668
time_cur: 219
ROB_cur:0, 0
pc: 1650
time_cur: 220
ROB_cur:0, 1650
pc: 1654
time_cur: 221
ROB_cur:0, 1650
1650
0 5244 131040 0 0 0 0 0 2147483647 48271 43008 71444479 49429504 1024 210 4096 0 0 0 0 0 0 0 0 0 0 0 0 0 0 0 0 
pc: 1658
time_cur: 222
ROB_cur:1, 1654
1654
0 5244 131040 0 0 0 0 0 2147483647 48271 43008 22014975 49429504 1024 210 4096 0 0 0 0 0 0 0 0 0 0 0 0 0 0 0 0 
pc: 165c
time_cur: 223
ROB_cur:2, 1658
1658
0 5244 131040 0 0 0 0 0 2147483647 48271 44032 22014975 49429504 1024 210 4096 0 0 0 0 0 0 0 0 0 0 0 0 0 0 0 0 
pc: 1660
time_cur: 224
ROB_cur:3, 165c
165c
0 5244 131040 0 0 0 0 0 2147483647 48271 44032 22014975 49429504 512 210 4096 0 0 0 0 0 0 0 0 0 0 0 0 0 0 0 0 
pc: 1664
time_cur: 225
ROB_cur:4, 1660
1660
0 5244 131040 0 0 0 0 0 2147483647 48271 44032 22014975 24714752 512 210 4096 0 0 0 0 0 0 0 0 0 0 0 0 0 0 0 0 
time_cur: 226
ROB_cur:5, 1664
1664
0 5244 131040 0 0 0 0 0 2147483647 48271 44032 22014975 24714752 512 210 4096 0 0 0 0 0 0 0 0 0 0 0 0 0 0 0 0 
time_cur: 227
ROB_cur:0, 0
pc: 1668
time_cur: 228
ROB_cur:0, 0
pc: 1650
time_cur: 229
ROB_cur:0, 1650
pc: 1654
time_cur: 230
ROB_cur:0, 1650
1650
0 5244 131040 0 0 0 0 0 2147483647 48271 44032 22014975 24714752 512 210 4096 0 0 0 0 0 0 0 0 0 0 0 0 0 0 0 0 
time_cur: 231
ROB_cur:0, 0
pc: 1658
time_cur: 232
ROB_cur:0, 0
pc: 165c
time_cur: 233
ROB_cur:0, 165c
pc: 1660
time_cur: 234
ROB_cur:0, 165c
165c
0 5244 131040 0 0 0 0 0 2147483647 48271 44032 22014975 24714752 256 210 4096 0 0 0 0 0 0 0 0 0 0 0 0 0 0 0 0 
pc: 1664
time_cur: 235
ROB_cur:1, 1660
1660
0 5244 131040 0 0 0 0 0 2147483647 48271 44032 22014975 12357376 256 210 4096 0 0 0 0 0 0 0 0 0 0 0 0 0 0 0 0 
time_cur: 236
ROB_cur:2, 1664
1664
0 5244 131040 0 0 0 0 0 2147483647 48271 44032 22014975 12357376 256 210 4096 0 0 0 0 0 0 0 0 0 0 0 0 0 0 0 0 
time_cur: 237
ROB_cur:0, 0
pc: 1668
time_cur: 238
ROB_cur:0, 0
pc: 1650
time_cur: 239
ROB_cur:0, 1650
pc: 1654
time_cur: 240
ROB_cur:0, 1650
1650
0 5244 131040 0 0 0 0 0 2147483647 48271 44032 22014975 12357376 256 210 4096 0 0 0 0 0 0 0 0 0 0 0 0 0 0 0 0 
pc: 1658
time_cur: 241
ROB_cur:1, 1654
1654
0 5244 131040 0 0 0 0 0 2147483647 48271 44032 9657599 12357376 256 210 4096 0 0 0 0 0 0 0 0 0 0 0 0 0 0 0 0 
pc: 165c
time_cur: 242
ROB_cur:2, 1658
1658
0 5244 131040 0 0 0 0 0 2147483647 48271 44288 9657599 12357376 256 210 4096 0 0 0 0 0 0 0 0 0 0 0 0 0 0 0 0 
pc: 1660
time_cur: 243
ROB_cur:3, 165c
165c
0 5244 131040 0 0 0 0 0 2147483647 48271 44288 9657599 12357376 128 210 4096 0 0 0 0 0 0 0 0 0 0 0 0 0 0 0 0 
pc: 1664
time_cur: 244
ROB_cur:4, 1660
1660
0 5244 131040 0 0 0 0 0 2147483647 48271 44288 9657599 6178688 128 210 4096 0 0 0 0 0 0 0 0 0 0 0 0 0 0 0 0 
time_cur: 245
ROB_cur:5, 1664
1664
0 5244 131040 0 0 0 0 0 2147483647 48271 44288 9657599 6178688 128 210 4096 0 0 0 0 0 0 0 0 0 0 0 0 0 0 0 0 
time_cur: 246
ROB_cur:0, 0
pc: 1668
time_cur: 247
ROB_cur:0, 0
pc: 1650
time_cur: 248
ROB_cur:0, 1650
pc: 1654
time_cur: 249
ROB_cur:0, 1650
1650
0 5244 131040 0 0 0 0 0 2147483647 48271 44288 9657599 6178688 128 210 4096 0 0 0 0 0 0 0 0 0 0 0 0 0 0 0 0 
pc: 1658
time_cur: 250
ROB_cur:1, 1654
1654
0 5244 131040 0 0 0 0 0 2147483647 48271 44288 3478911 6178688 128 210 4096 0 0 0 0 0 0 0 0 0 0 0 0 0 0 0 0 
pc: 165c
time_cur: 251
ROB_cur:2, 1658
1658
0 5244 131040 0 0 0 0 0 2147483647 48271 44416 3478911 6178688 128 210 4096 0 0 0 0 0 0 0 0 0 0 0 0 0 0 0 0 
pc: 1660
time_cur: 252
ROB_cur:3, 165c
165c
0 5244 131040 0 0 0 0 0 2147483647 48271 44416 3478911 6178688 64 210 4096 0 0 0 0 0 0 0 0 0 0 0 0 0 0 0 0 
pc: 1664
time_cur: 253
ROB_cur:4, 1660
1660
0 5244 131040 0 0 0 0 0 2147483647 48271 44416 3478911 3089344 64 210 4096 0 0 0 0 0 0 0 0 0 0 0 0 0 0 0 0 
time_cur: 254
ROB_cur:5, 1664
1664
0 5244 131040 0 0 0 0 0 2147483647 48271 44416 3478911 3089344 64 210 4096 0 0 0 0 0 0 0 0 0 0 0 0 0 0 0 0 
time_cur: 255
ROB_cur:0, 0
pc: 1668
time_cur: 256
ROB_cur:0, 0
pc: 1650
time_cur: 257
ROB_cur:0, 1650
pc: 1654
time_cur: 258
ROB_cur:0, 1650
1650
0 5244 131040 0 0 0 0 0 2147483647 48271 44416 3478911 3089344 64 210 4096 0 0 0 0 0 0 0 0 0 0 0 0 0 0 0 0 
pc: 1658
time_cur: 259
ROB_cur:1, 1654
1654
0 5244 131040 0 0 0 0 0 2147483647 48271 44416 389567 3089344 64 210 4096 0 0 0 0 0 0 0 0 0 0 0 0 0 0 0 0 
pc: 165c
time_cur: 260
ROB_cur:2, 1658
1658
0 5244 131040 0 0 0 0 0 2147483647 48271 44480 389567 3089344 64 210 4096 0 0 0 0 0 0 0 0 0 0 0 0 0 0 0 0 
pc: 1660
time_cur: 261
ROB_cur:3, 165c
165c
0 5244 131040 0 0 0 0 0 2147483647 48271 44480 389567 3089344 32 210 4096 0 0 0 0 0 0 0 0 0 0 0 0 0 0 0 0 
pc: 1664
time_cur: 262
ROB_cur:4, 1660
1660
0 5244 131040 0 0 0 0 0 2147483647 48271 44480 389567 1544672 32 210 4096 0 0 0 0 0 0 0 0 0 0 0 0 0 0 0 0 
time_cur: 263
ROB_cur:5, 1664
1664
0 5244 131040 0 0 0 0 0 2147483647 48271 44480 389567 1544672 32 210 4096 0 0 0 0 0 0 0 0 0 0 0 0 0 0 0 0 
time_cur: 264
ROB_cur:0, 0
pc: 1668
time_cur: 265
ROB_cur:0, 0
pc: 1650
time_cur: 266
ROB_cur:0, 1650
pc: 1654
time_cur: 267
ROB_cur:0, 1650
1650
0 5244 131040 0 0 0 0 0 2147483647 48271 44480 389567 1544672 32 210 4096 0 0 0 0 0 0 0 0 0 0 0 0 0 0 0 0 
time_cur: 268
ROB_cur:0, 0
pc: 1658
time_cur: 269
ROB_cur:0, 0
pc: 165c
time_cur: 270
ROB_cur:0, 165c
pc: 1660
time_cur: 271
ROB_cur:0, 165c
165c
0 5244 131040 0 0 0 0 0 2147483647 48271 44480 389567 1544672 16 210 4096 0 0 0 0 0 0 0 0 0 0 0 0 0 0 0 0 
pc: 1664
time_cur: 272
ROB_cur:1, 1660
1660
0 5244 131040 0 0 0 0 0 2147483647 48271 44480 389567 772336 16 210 4096 0 0 0 0 0 0 0 0 0 0 0 0 0 0 0 0 
time_cur: 273
ROB_cur:2, 1664
1664
0 5244 131040 0 0 0 0 0 2147483647 48271 44480 389567 772336 16 210 4096 0 0 0 0 0 0 0 0 0 0 0 0 0 0 0 0 
time_cur: 274
ROB_cur:0, 0
pc: 1668
time_cur: 275
ROB_cur:0, 0
pc: 1650
time_cur: 276
ROB_cur:0, 1650
pc: 1654
time_cur: 277
ROB_cur:0, 1650
1650
0 5244 131040 0 0 0 0 0 2147483647 48271 44480 389567 772336 16 210 4096 0 0 0 0 0 0 0 0 0 0 0 0 0 0 0 0 
time_cur: 278
ROB_cur:0, 0
pc: 1658
time_cur: 279
ROB_cur:0, 0
pc: 165c
time_cur: 280
ROB_cur:0, 165c
pc: 1660
time_cur: 281
ROB_cur:0, 165c
165c
0 5244 131040 0 0 0 0 0 2147483647 48271 44480 389567 772336 8 210 4096 0 0 0 0 0 0 0 0 0 0 0 0 0 0 0 0 
pc: 1664
time_cur: 282
ROB_cur:1, 1660
1660
0 5244 131040 0 0 0 0 0 2147483647 48271 44480 389567 386168 8 210 4096 0 0 0 0 0 0 0 0 0 0 0 0 0 0 0 0 
time_cur: 283
ROB_cur:2, 1664
1664
0 5244 131040 0 0 0 0 0 2147483647 48271 44480 389567 386168 8 210 4096 0 0 0 0 0 0 0 0 0 0 0 0 0 0 0 0 
time_cur: 284
ROB_cur:0, 0
pc: 1668
time_cur: 285
ROB_cur:0, 0
pc: 1650
time_cur: 286
ROB_cur:0, 1650
pc: 1654
time_cur: 287
ROB_cur:0, 1650
1650
0 5244 131040 0 0 0 0 0 2147483647 48271 44480 389567 386168 8 210 4096 0 0 0 0 0 0 0 0 0 0 0 0 0 0 0 0 
pc: 1658
time_cur: 288
ROB_cur:1, 1654
1654
0 5244 131040 0 0 0 0 0 2147483647 48271 44480 3399 386168 8 210 4096 0 0 0 0 0 0 0 0 0 0 0 0 0 0 0 0 
pc: 165c
time_cur: 289
ROB_cur:2, 1658
1658
0 5244 131040 0 0 0 0 0 2147483647 48271 44488 3399 386168 8 210 4096 0 0 0 0 0 0 0 0 0 0 0 0 0 0 0 0 
pc: 1660
time_cur: 290
ROB_cur:3, 165c
165c
0 5244 131040 0 0 0 0 0 2147483647 48271 44488 3399 386168 4 210 4096 0 0 0 0 0 0 0 0 0 0 0 0 0 0 0 0 
pc: 1664
time_cur: 291
ROB_cur:4, 1660
1660
0 5244 131040 0 0 0 0 0 2147483647 48271 44488 3399 193084 4 210 4096 0 0 0 0 0 0 0 0 0 0 0 0 0 0 0 0 
time_cur: 292
ROB_cur:5, 1664
1664
0 5244 131040 0 0 0 0 0 2147483647 48271 44488 3399 193084 4 210 4096 0 0 0 0 0 0 0 0 0 0 0 0 0 0 0 0 
time_cur: 293
ROB_cur:0, 0
pc: 1668
time_cur: 294
ROB_cur:0, 0
pc: 1650
time_cur: 295
ROB_cur:0, 1650
pc: 1654
time_cur: 296
ROB_cur:0, 1650
1650
0 5244 131040 0 0 0 0 0 2147483647 48271 44488 3399 193084 4 210 4096 0 0 0 0 0 0 0 0 0 0 0 0 0 0 0 0 
time_cur: 297
ROB_cur:0, 0
pc: 1658
time_cur: 298
ROB_cur:0, 0
pc: 165c
time_cur: 299
ROB_cur:0, 165c
pc: 1660
time_cur: 300
ROB_cur:0, 165c
165c
0 5244 131040 0 0 0 0 0 2147483647 48271 44488 3399 193084 2 210 4096 0 0 0 0 0 0 0 0 0 0 0 0 0 0 0 0 
pc: 1664
time_cur: 301
ROB_cur:1, 1660
1660
0 5244 131040 0 0 0 0 0 2147483647 48271 44488 3399 96542 2 210 4096 0 0 0 0 0 0 0 0 0 0 0 0 0 0 0 0 
time_cur: 302
ROB_cur:2, 1664
1664
0 5244 131040 0 0 0 0 0 2147483647 48271 44488 3399 96542 2 210 4096 0 0 0 0 0 0 0 0 0 0 0 0 0 0 0 0 
time_cur: 303
ROB_cur:0, 0
pc: 1668
time_cur: 304
ROB_cur:0, 0
pc: 1650
time_cur: 305
ROB_cur:0, 1650
pc: 1654
time_cur: 306
ROB_cur:0, 1650
1650
0 5244 131040 0 0 0 0 0 2147483647 48271 44488 3399 96542 2 210 4096 0 0 0 0 0 0 0 0 0 0 0 0 0 0 0 0 
time_cur: 307
ROB_cur:0, 0
pc: 1658
time_cur: 308
ROB_cur:0, 0
pc: 165c
time_cur: 309
ROB_cur:0, 165c
pc: 1660
time_cur: 310
ROB_cur:0, 165c
165c
0 5244 131040 0 0 0 0 0 2147483647 48271 44488 3399 96542 1 210 4096 0 0 0 0 0 0 0 0 0 0 0 0 0 0 0 0 
pc: 1664
time_cur: 311
ROB_cur:1, 1660
1660
0 5244 131040 0 0 0 0 0 2147483647 48271 44488 3399 48271 1 210 4096 0 0 0 0 0 0 0 0 0 0 0 0 0 0 0 0 
time_cur: 312
ROB_cur:2, 1664
1664
0 5244 131040 0 0 0 0 0 2147483647 48271 44488 3399 48271 1 210 4096 0 0 0 0 0 0 0 0 0 0 0 0 0 0 0 0 
time_cur: 313
ROB_cur:0, 0
pc: 1668
time_cur: 314
ROB_cur:0, 0
pc: 1650
time_cur: 315
ROB_cur:0, 1650
pc: 1654
time_cur: 316
ROB_cur:0, 1650
1650
0 5244 131040 0 0 0 0 0 2147483647 48271 44488 3399 48271 1 210 4096 0 0 0 0 0 0 0 0 0 0 0 0 0 0 0 0 
time_cur: 317
ROB_cur:0, 0
pc: 1658
time_cur: 318
ROB_cur:0, 0
pc: 165c
time_cur: 319
ROB_cur:0, 165c
pc: 1660
time_cur: 320
ROB_cur:0, 165c
165c
0 5244 131040 0 0 0 0 0 2147483647 48271 44488 3399 48271 0 210 4096 0 0 0 0 0 0 0 0 0 0 0 0 0 0 0 0 
pc: 1664
time_cur: 321
ROB_cur:1, 1660
1660
0 5244 131040 0 0 0 0 0 2147483647 48271 44488 3399 24135 0 210 4096 0 0 0 0 0 0 0 0 0 0 0 0 0 0 0 0 
time_cur: 322
ROB_cur:2, 1664
1664
0 5244 131040 0 0 0 0 0 2147483647 48271 44488 3399 24135 0 210 4096 0 0 0 0 0 0 0 0 0 0 0 0 0 0 0 0 
pc: 1668
time_cur: 323
ROB_cur:3, 1668
1668
0 5244 131040 0 0 0 0 0 2147483647 48271 44488 3399 24135 0 210 4096 0 0 0 0 0 0 0 0 0 0 0 0 0 0 0 0 
pc: 147c
time_cur: 324
ROB_cur:4, 147c
147c
0 5244 131040 0 0 0 0 0 2147483647 48271 44488 3399 24135 0 210 4096 0 0 0 0 0 0 0 0 0 0 0 0 0 0 0 0 
pc: 1480
time_cur: 325
ROB_cur:5, 1480
1480
0 5244 131040 0 0 0 0 0 2147483647 48271 44488 3399 24135 0 210 4096 0 0 0 0 0 0 0 0 0 0 0 0 0 0 0 0 
pc: 1484
time_cur: 326
ROB_cur:6, 1484
pc: 1488
time_cur: 327
ROB_cur:6, 1484
1484
0 5244 131040 0 0 0 0 0 2147483647 48271 44488 48271 24135 0 210 4096 0 0 0 0 0 0 0 0 0 0 0 0 0 0 0 0 
time_cur: 328
ROB_cur:7, 1488
1488
0 5244 131040 0 0 0 0 0 2147483647 48271 2147483647 48271 24135 0 210 4096 0 0 0 0 0 0 0 0 0 0 0 0 0 0 0 0 
pc: 148c
time_cur: 329
ROB_cur:8, 148c
148c
0 5264 131040 0 0 0 0 0 2147483647 48271 2147483647 48271 24135 0 210 4096 0 0 0 0 0 0 0 0 0 0 0 0 0 0 0 0 
pc: 16a0
time_cur: 330
ROB_cur:9, 16a0
pc: 16a4
time_cur: 331
ROB_cur:9, 16a0
16a0
0 5264 131040 0 0 5264 0 0 2147483647 48271 2147483647 48271 24135 0 210 4096 0 0 0 0 0 0 0 0 0 0 0 0 0 0 0 0 
pc: 16a8
time_cur: 332
ROB_cur:10, 16a4
16a4
0 5264 131040 0 0 5264 0 0 2147483647 48271 2147483647 48271 24135 0 210 4096 0 0 0 0 0 0 0 0 0 0 0 0 0 0 0 0 
time_cur: 333
ROB_cur:11, 16a8
16a8
0 5264 131040 0 0 5264 0 0 2147483647 48271 2147483647 48271 24135 0 210 4096 0 0 0 0 0 0 0 0 0 0 0 0 0 0 0 0 
pc: 16ac
time_cur: 334
ROB_cur:12, 16ac
16ac
0 5808 131040 0 0 5264 0 0 2147483647 48271 2147483647 48271 24135 0 210 4096 0 0 0 0 0 0 0 0 0 0 0 0 0 0 0 0 
pc: 1624
time_cur: 335
ROB_cur:13, 1624
pc: 1628
time_cur: 336
ROB_cur:13, 1624
1624
0 5808 131040 0 0 5264 0 0 2147483647 48271 2147483647 48271 48271 0 210 4096 0 0 0 0 0 0 0 0 0 0 0 0 0 0 0 0 
pc: 162c
time_cur: 337
ROB_cur:14, 1628
1628
0 5808 131040 0 0 5264 0 0 2147483647 48271 2147483647 2147483647 48271 0 210 4096 0 0 0 0 0 0 0 0 0 0 0 0 0 0 0 0 
pc: 1630
time_cur: 338
ROB_cur:15, 162c
162c
0 5808 131040 0 0 5264 0 0 2147483647 48271 4294967295 2147483647 48271 0 210 4096 0 0 0 0 0 0 0 0 0 0 0 0 0 0 0 0 
pc: 1634
time_cur: 339
ROB_cur:16, 1630
1630
0 5808 131040 0 0 5264 0 0 2147483647 48271 4294967295 2147483647 48271 0 210 4096 0 0 0 0 0 0 0 0 0 0 0 0 0 0 0 0 
pc: 1638
time_cur: 340
ROB_cur:17, 1634
1634
0 5808 131040 0 0 5264 0 0 2147483647 48271 4294967295 2147483647 48271 1 210 4096 0 0 0 0 0 0 0 0 0 0 0 0 0 0 0 0 
pc: 163c
time_cur: 341
ROB_cur:18, 1638
1638
0 5808 131040 0 0 5264 0 0 2147483647 48271 4294967295 2147483647 48271 1 210 4096 0 0 0 0 0 0 0 0 0 0 0 0 0 0 0 0 
pc: 1640
time_cur: 342
ROB_cur:19, 163c
163c
0 5808 131040 0 0 5264 0 0 2147483647 48271 4294967295 2147483647 48271 1 210 4096 0 0 0 0 0 0 0 0 0 0 0 0 0 0 0 0 
pc: 1644
time_cur: 343
ROB_cur:20, 1640
1640
0 5808 131040 0 0 5264 0 0 2147483647 48271 4294967295 2147483647 96542 1 210 4096 0 0 0 0 0 0 0 0 0 0 0 0 0 0 0 0 
pc: 1648
time_cur: 344
ROB_cur:21, 1644
1644
0 5808 131040 0 0 5264 0 0 2147483647 48271 4294967295 2147483647 96542 2 210 4096 0 0 0 0 0 0 0 0 0 0 0 0 0 0 0 0 
pc: 164c
time_cur: 345
ROB_cur:22, 1648
1648
0 5808 131040 0 0 5264 0 0 2147483647 48271 4294967295 2147483647 96542 2 210 4096 0 0 0 0 0 0 0 0 0 0 0 0 0 0 0 0 
time_cur: 346
ROB_cur:0, 0
pc: 1650
time_cur: 347
ROB_cur:0, 0
pc: 163c
time_cur: 348
ROB_cur:0, 163c
pc: 1640
time_cur: 349
ROB_cur:0, 163c
163c
0 5808 131040 0 0 5264 0 0 2147483647 48271 4294967295 2147483647 96542 2 210 4096 0 0 0 0 0 0 0 0 0 0 0 0 0 0 0 0 
pc: 1644
time_cur: 350
ROB_cur:1, 1640
1640
0 5808 131040 0 0 5264 0 0 2147483647 48271 4294967295 2147483647 193084 2 210 4096 0 0 0 0 0 0 0 0 0 0 0 0 0 0 0 0 
pc: 1648
time_cur: 351
ROB_cur:2, 1644
1644
0 5808 131040 0 0 5264 0 0 2147483647 48271 4294967295 2147483647 193084 4 210 4096 0 0 0 0 0 0 0 0 0 0 0 0 0 0 0 0 
pc: 164c
time_cur: 352
ROB_cur:3, 1648
1648
0 5808 131040 0 0 5264 0 0 2147483647 48271 4294967295 2147483647 193084 4 210 4096 0 0 0 0 0 0 0 0 0 0 0 0 0 0 0 0 
time_cur: 353
ROB_cur:0, 0
pc: 1650
time_cur: 354
ROB_cur:0, 0
pc: 163c
time_cur: 355
ROB_cur:0, 163c
pc: 1640
time_cur: 356
ROB_cur:0, 163c
163c
0 5808 131040 0 0 5264 0 0 2147483647 48271 4294967295 2147483647 193084 4 210 4096 0 0 0 0 0 0 0 0 0 0 0 0 0 0 0 0 
pc: 1644
time_cur: 357
ROB_cur:1, 1640
1640
0 5808 131040 0 0 5264 0 0 2147483647 48271 4294967295 2147483647 386168 4 210 4096 0 0 0 0 0 0 0 0 0 0 0 0 0 0 0 0 
pc: 1648
time_cur: 358
ROB_cur:2, 1644
1644
0 5808 131040 0 0 5264 0 0 2147483647 48271 4294967295 2147483647 386168 8 210 4096 0 0 0 0 0 0 0 0 0 0 0 0 0 0 0 0 
pc: 164c
time_cur: 359
ROB_cur:3, 1648
1648
0 5808 131040 0 0 5264 0 0 2147483647 48271 4294967295 2147483647 386168 8 210 4096 0 0 0 0 0 0 0 0 0 0 0 0 0 0 0 0 
time_cur: 360
ROB_cur:0, 0
pc: 1650
time_cur: 361
ROB_cur:0, 0
pc: 163c
time_cur: 362
ROB_cur:0, 163c
pc: 1640
time_cur: 363
ROB_cur:0, 163c
163c
0 5808 131040 0 0 5264 0 0 2147483647 48271 4294967295 2147483647 386168 8 210 4096 0 0 0 0 0 0 0 0 0 0 0 0 0 0 0 0 
pc: 1644
time_cur: 364
ROB_cur:1, 1640
1640
0 5808 131040 0 0 5264 0 0 2147483647 48271 4294967295 2147483647 772336 8 210 4096 0 0 0 0 0 0 0 0 0 0 0 0 0 0 0 0 
pc: 1648
time_cur: 365
ROB_cur:2, 1644
1644
0 5808 131040 0 0 5264 0 0 2147483647 48271 4294967295 2147483647 772336 16 210 4096 0 0 0 0 0 0 0 0 0 0 0 0 0 0 0 0 
pc: 164c
time_cur: 366
ROB_cur:3, 1648
1648
0 5808 131040 0 0 5264 0 0 2147483647 48271 4294967295 2147483647 772336 16 210 4096 0 0 0 0 0 0 0 0 0 0 0 0 0 0 0 0 
time_cur: 367
ROB_cur:0, 0
pc: 1650
time_cur: 368
ROB_cur:0, 0
pc: 163c
time_cur: 369
ROB_cur:0, 163c
pc: 1640
time_cur: 370
ROB_cur:0, 163c
163c
0 5808 131040 0 0 5264 0 0 2147483647 48271 4294967295 2147483647 772336 16 210 4096 0 0 0 0 0 0 0 0 0 0 0 0 0 0 0 0 
pc: 1644
time_cur: 371
ROB_cur:1, 1640
1640
0 5808 131040 0 0 5264 0 0 2147483647 48271 4294967295 2147483647 1544672 16 210 4096 0 0 0 0 0 0 0 0 0 0 0 0 0 0 0 0 
pc: 1648
time_cur: 372
ROB_cur:2, 1644
1644
0 5808 131040 0 0 5264 0 0 2147483647 48271 4294967295 2147483647 1544672 32 210 4096 0 0 0 0 0 0 0 0 0 0 0 0 0 0 0 0 
pc: 164c
time_cur: 373
ROB_cur:3, 1648
1648
0 5808 131040 0 0 5264 0 0 2147483647 48271 4294967295 2147483647 1544672 32 210 4096 0 0 0 0 0 0 0 0 0 0 0 0 0 0 0 0 
time_cur: 374
ROB_cur:0, 0
pc: 1650
time_cur: 375
ROB_cur:0, 0
pc: 163c
time_cur: 376
ROB_cur:0, 163c
pc: 1640
time_cur: 377
ROB_cur:0, 163c
163c
0 5808 131040 0 0 5264 0 0 2147483647 48271 4294967295 2147483647 1544672 32 210 4096 0 0 0 0 0 0 0 0 0 0 0 0 0 0 0 0 
pc: 1644
time_cur: 378
ROB_cur:1, 1640
1640
0 5808 131040 0 0 5264 0 0 2147483647 48271 4294967295 2147483647 3089344 32 210 4096 0 0 0 0 0 0 0 0 0 0 0 0 0 0 0 0 
pc: 1648
time_cur: 379
ROB_cur:2, 1644
1644
0 5808 131040 0 0 5264 0 0 2147483647 48271 4294967295 2147483647 3089344 64 210 4096 0 0 0 0 0 0 0 0 0 0 0 0 0 0 0 0 
pc: 164c
time_cur: 380
ROB_cur:3, 1648
1648
0 5808 131040 0 0 5264 0 0 2147483647 48271 4294967295 2147483647 3089344 64 210 4096 0 0 0 0 0 0 0 0 0 0 0 0 0 0 0 0 
time_cur: 381
ROB_cur:0, 0
pc: 1650
time_cur: 382
ROB_cur:0, 0
pc: 163c
time_cur: 383
ROB_cur:0, 163c
pc: 1640
time_cur: 384
ROB_cur:0, 163c
163c
0 5808 131040 0 0 5264 0 0 2147483647 48271 4294967295 2147483647 3089344 64 210 4096 0 0 0 0 0 0 0 0 0 0 0 0 0 0 0 0 
pc: 1644
time_cur: 385
ROB_cur:1, 1640
1640
0 5808 131040 0 0 5264 0 0 2147483647 48271 4294967295 2147483647 6178688 64 210 4096 0 0 0 0 0 0 0 0 0 0 0 0 0 0 0 0 
pc: 1648
time_cur: 386
ROB_cur:2, 1644
1644
0 5808 131040 0 0 5264 0 0 2147483647 48271 4294967295 2147483647 6178688 128 210 4096 0 0 0 0 0 0 0 0 0 0 0 0 0 0 0 0 
pc: 164c
time_cur: 387
ROB_cur:3, 1648
1648
0 5808 131040 0 0 5264 0 0 2147483647 48271 4294967295 2147483647 6178688 128 210 4096 0 0 0 0 0 0 0 0 0 0 0 0 0 0 0 0 
time_cur: 388
ROB_cur:0, 0
pc: 1650
time_cur: 389
ROB_cur:0, 0
pc: 163c
time_cur: 390
ROB_cur:0, 163c
pc: 1640
time_cur: 391
ROB_cur:0, 163c
163c
0 5808 131040 0 0 5264 0 0 2147483647 48271 4294967295 2147483647 6178688 128 210 4096 0 0 0 0 0 0 0 0 0 0 0 0 0 0 0 0 
pc: 1644
time_cur: 392
ROB_cur:1, 1640
1640
0 5808 131040 0 0 5264 0 0 2147483647 48271 4294967295 2147483647 12357376 128 210 4096 0 0 0 0 0 0 0 0 0 0 0 0 0 0 0 0 
pc: 1648
time_cur: 393
ROB_cur:2, 1644
1644
0 5808 131040 0 0 5264 0 0 2147483647 48271 4294967295 2147483647 12357376 256 210 4096 0 0 0 0 0 0 0 0 0 0 0 0 0 0 0 0 
pc: 164c
time_cur: 394
ROB_cur:3, 1648
1648
0 5808 131040 0 0 5264 0 0 2147483647 48271 4294967295 2147483647 12357376 256 210 4096 0 0 0 0 0 0 0 0 0 0 0 0 0 0 0 0 
time_cur: 395
ROB_cur:0, 0
pc: 1650
time_cur: 396
ROB_cur:0, 0
pc: 163c
time_cur: 397
ROB_cur:0, 163c
pc: 1640
time_cur: 398
ROB_cur:0, 163c
163c
0 5808 131040 0 0 5264 0 0 2147483647 48271 4294967295 2147483647 12357376 256 210 4096 0 0 0 0 0 0 0 0 0 0 0 0 0 0 0 0 
pc: 1644
time_cur: 399
ROB_cur:1, 1640
1640
0 5808 131040 0 0 5264 0 0 2147483647 48271 4294967295 2147483647 24714752 256 210 4096 0 0 0 0 0 0 0 0 0 0 0 0 0 0 0 0 
pc: 1648
time_cur: 400
ROB_cur:2, 1644
1644
0 5808 131040 0 0 5264 0 0 2147483647 48271 4294967295 2147483647 24714752 512 210 4096 0 0 0 0 0 0 0 0 0 0 0 0 0 0 0 0 
pc: 164c
time_cur: 401
ROB_cur:3, 1648
1648
0 5808 131040 0 0 5264 0 0 2147483647 48271 4294967295 2147483647 24714752 512 210 4096 0 0 0 0 0 0 0 0 0 0 0 0 0 0 0 0 
time_cur: 402
ROB_cur:0, 0
pc: 1650
time_cur: 403
ROB_cur:0, 0
pc: 163c
time_cur: 404
ROB_cur:0, 163c
pc: 1640
time_cur: 405
ROB_cur:0, 163c
163c
0 5808 131040 0 0 5264 0 0 2147483647 48271 4294967295 2147483647 24714752 512 210 4096 0 0 0 0 0 0 0 0 0 0 0 0 0 0 0 0 
pc: 1644
time_cur: 406
ROB_cur:1, 1640
1640
0 5808 131040 0 0 5264 0 0 2147483647 48271 4294967295 2147483647 49429504 512 210 4096 0 0 0 0 0 0 0 0 0 0 0 0 0 0 0 0 
pc: 1648
time_cur: 407
ROB_cur:2, 1644
1644
0 5808 131040 0 0 5264 0 0 2147483647 48271 4294967295 2147483647 49429504 1024 210 4096 0 0 0 0 0 0 0 0 0 0 0 0 0 0 0 0 
pc: 164c
time_cur: 408
ROB_cur:3, 1648
1648
0 5808 131040 0 0 5264 0 0 2147483647 48271 4294967295 2147483647 49429504 1024 210 4096 0 0 0 0 0 0 0 0 0 0 0 0 0 0 0 0 
time_cur: 409
ROB_cur:0, 0
pc: 1650
time_cur: 410
ROB_cur:0, 0
pc: 163c
time_cur: 411
ROB_cur:0, 163c
pc: 1640
time_cur: 412
ROB_cur:0, 163c
163c
0 5808 131040 0 0 5264 0 0 2147483647 48271 4294967295 2147483647 49429504 1024 210 4096 0 0 0 0 0 0 0 0 0 0 0 0 0 0 0 0 
pc: 1644
time_cur: 413
ROB_cur:1, 1640
1640
0 5808 131040 0 0 5264 0 0 2147483647 48271 4294967295 2147483647 98859008 1024 210 4096 0 0 0 0 0 0 0 0 0 0 0 0 0 0 0 0 
pc: 1648
time_cur: 414
ROB_cur:2, 1644
1644
0 5808 131040 0 0 5264 0 0 2147483647 48271 4294967295 2147483647 98859008 2048 210 4096 0 0 0 0 0 0 0 0 0 0 0 0 0 0 0 0 
pc: 164c
time_cur: 415
ROB_cur:3, 1648
1648
0 5808 131040 0 0 5264 0 0 2147483647 48271 4294967295 2147483647 98859008 2048 210 4096 0 0 0 0 0 0 0 0 0 0 0 0 0 0 0 0 
time_cur: 416
ROB_cur:0, 0
pc: 1650
time_cur: 417
ROB_cur:0, 0
pc: 163c
time_cur: 418
ROB_cur:0, 163c
pc: 1640
time_cur: 419
ROB_cur:0, 163c
163c
0 5808 131040 0 0 5264 0 0 2147483647 48271 4294967295 2147483647 98859008 2048 210 4096 0 0 0 0 0 0 0 0 0 0 0 0 0 0 0 0 
pc: 1644
time_cur: 420
ROB_cur:1, 1640
1640
0 5808 131040 0 0 5264 0 0 2147483647 48271 4294967295 2147483647 197718016 2048 210 4096 0 0 0 0 0 0 0 0 0 0 0 0 0 0 0 0 
pc: 1648
time_cur: 421
ROB_cur:2, 1644
1644
0 5808 131040 0 0 5264 0 0 2147483647 48271 4294967295 2147483647 197718016 4096 210 4096 0 0 0 0 0 0 0 0 0 0 0 0 0 0 0 0 
pc: 164c
time_cur: 422
ROB_cur:3, 1648
1648
0 5808 131040 0 0 5264 0 0 2147483647 48271 4294967295 2147483647 197718016 4096 210 4096 0 0 0 0 0 0 0 0 0 0 0 0 0 0 0 0 
time_cur: 423
ROB_cur:0, 0
pc: 1650
time_cur: 424
ROB_cur:0, 0
pc: 163c
time_cur: 425
ROB_cur:0, 163c
pc: 1640
time_cur: 426
ROB_cur:0, 163c
163c
0 5808 131040 0 0 5264 0 0 2147483647 48271 4294967295 2147483647 197718016 4096 210 4096 0 0 0 0 0 0 0 0 0 0 0 0 0 0 0 0 
pc: 1644
time_cur: 427
ROB_cur:1, 1640
1640
0 5808 131040 0 0 5264 0 0 2147483647 48271 4294967295 2147483647 395436032 4096 210 4096 0 0 0 0 0 0 0 0 0 0 0 0 0 0 0 0 
pc: 1648
time_cur: 428
ROB_cur:2, 1644
1644
0 5808 131040 0 0 5264 0 0 2147483647 48271 4294967295 2147483647 395436032 8192 210 4096 0 0 0 0 0 0 0 0 0 0 0 0 0 0 0 0 
pc: 164c
time_cur: 429
ROB_cur:3, 1648
1648
0 5808 131040 0 0 5264 0 0 2147483647 48271 4294967295 2147483647 395436032 8192 210 4096 0 0 0 0 0 0 0 0 0 0 0 0 0 0 0 0 
time_cur: 430
ROB_cur:0, 0
pc: 1650
time_cur: 431
ROB_cur:0, 0
pc: 163c
time_cur: 432
ROB_cur:0, 163c
pc: 1640
time_cur: 433
ROB_cur:0, 163c
163c
0 5808 131040 0 0 5264 0 0 2147483647 48271 4294967295 2147483647 395436032 8192 210 4096 0 0 0 0 0 0 0 0 0 0 0 0 0 0 0 0 
pc: 1644
time_cur: 434
ROB_cur:1, 1640
1640
0 5808 131040 0 0 5264 0 0 2147483647 48271 4294967295 2147483647 790872064 8192 210 4096 0 0 0 0 0 0 0 0 0 0 0 0 0 0 0 0 
pc: 1648
time_cur: 435
ROB_cur:2, 1644
1644
0 5808 131040 0 0 5264 0 0 2147483647 48271 4294967295 2147483647 790872064 16384 210 4096 0 0 0 0 0 0 0 0 0 0 0 0 0 0 0 0 
pc: 164c
time_cur: 436
ROB_cur:3, 1648
1648
0 5808 131040 0 0 5264 0 0 2147483647 48271 4294967295 2147483647 790872064 16384 210 4096 0 0 0 0 0 0 0 0 0 0 0 0 0 0 0 0 
time_cur: 437
ROB_cur:0, 0
pc: 1650
time_cur: 438
ROB_cur:0, 0
pc: 163c
time_cur: 439
ROB_cur:0, 163c
pc: 1640
time_cur: 440
ROB_cur:0, 163c
163c
0 5808 131040 0 0 5264 0 0 2147483647 48271 4294967295 2147483647 790872064 16384 210 4096 0 0 0 0 0 0 0 0 0 0 0 0 0 0 0 0 
pc: 1644
time_cur: 441
ROB_cur:1, 1640
1640
0 5808 131040 0 0 5264 0 0 2147483647 48271 4294967295 2147483647 1581744128 16384 210 4096 0 0 0 0 0 0 0 0 0 0 0 0 0 0 0 0 
pc: 1648
time_cur: 442
ROB_cur:2, 1644
1644
0 5808 131040 0 0 5264 0 0 2147483647 48271 4294967295 2147483647 1581744128 32768 210 4096 0 0 0 0 0 0 0 0 0 0 0 0 0 0 0 0 
pc: 164c
time_cur: 443
ROB_cur:3, 1648
1648
0 5808 131040 0 0 5264 0 0 2147483647 48271 4294967295 2147483647 1581744128 32768 210 4096 0 0 0 0 0 0 0 0 0 0 0 0 0 0 0 0 
time_cur: 444
ROB_cur:0, 0
pc: 1650
time_cur: 445
ROB_cur:0, 0
pc: 163c
time_cur: 446
ROB_cur:0, 163c
pc: 1640
time_cur: 447
ROB_cur:0, 163c
163c
0 5808 131040 0 0 5264 0 0 2147483647 48271 4294967295 2147483647 1581744128 32768 210 4096 0 0 0 0 0 0 0 0 0 0 0 0 0 0 0 0 
pc: 1644
time_cur: 448
ROB_cur:1, 1640
1640
0 5808 131040 0 0 5264 0 0 2147483647 48271 4294967295 2147483647 3163488256 32768 210 4096 0 0 0 0 0 0 0 0 0 0 0 0 0 0 0 0 
pc: 1648
time_cur: 449
ROB_cur:2, 1644
1644
0 5808 131040 0 0 5264 0 0 2147483647 48271 4294967295 2147483647 3163488256 65536 210 4096 0 0 0 0 0 0 0 0 0 0 0 0 0 0 0 0 
pc: 164c
time_cur: 450
ROB_cur:3, 1648
1648
0 5808 131040 0 0 5264 0 0 2147483647 48271 4294967295 2147483647 3163488256 65536 210 4096 0 0 0 0 0 0 0 0 0 0 0 0 0 0 0 0 
pc: 1650
time_cur: 451
ROB_cur:4, 164c
164c
0 5808 131040 0 0 5264 0 0 2147483647 48271 0 2147483647 3163488256 65536 210 4096 0 0 0 0 0 0 0 0 0 0 0 0 0 0 0 0 
pc: 1654
time_cur: 452
ROB_cur:5, 1650
1650
0 5808 131040 0 0 5264 0 0 2147483647 48271 0 2147483647 3163488256 65536 210 4096 0 0 0 0 0 0 0 0 0 0 0 0 0 0 0 0 
time_cur: 453
ROB_cur:0, 0
pc: 1658
time_cur: 454
ROB_cur:0, 0
pc: 165c
time_cur: 455
ROB_cur:0, 165c
pc: 1660
time_cur: 456
ROB_cur:0, 165c
165c
0 5808 131040 0 0 5264 0 0 2147483647 48271 0 2147483647 3163488256 32768 210 4096 0 0 0 0 0 0 0 0 0 0 0 0 0 0 0 0 
pc: 1664
time_cur: 457
ROB_cur:1, 1660
1660
0 5808 131040 0 0 5264 0 0 2147483647 48271 0 2147483647 1581744128 32768 210 4096 0 0 0 0 0 0 0 0 0 0 0 0 0 0 0 0 
time_cur: 458
ROB_cur:2, 1664
1664
0 5808 131040 0 0 5264 0 0 2147483647 48271 0 2147483647 1581744128 32768 210 4096 0 0 0 0 0 0 0 0 0 0 0 0 0 0 0 0 
time_cur: 459
ROB_cur:0, 0
pc: 1668
time_cur: 460
ROB_cur:0, 0
pc: 1650
time_cur: 461
ROB_cur:0, 1650
pc: 1654
time_cur: 462
ROB_cur:0, 1650
1650
0 5808 131040 0 0 5264 0 0 2147483647 48271 0 2147483647 1581744128 32768 210 4096 0 0 0 0 0 0 0 0 0 0 0 0 0 0 0 0 
pc: 1658
time_cur: 463
ROB_cur:1, 1654
1654
0 5808 131040 0 0 5264 0 0 2147483647 48271 0 565739519 1581744128 32768 210 4096 0 0 0 0 0 0 0 0 0 0 0 0 0 0 0 0 
pc: 165c
time_cur: 464
ROB_cur:2, 1658
1658
0 5808 131040 0 0 5264 0 0 2147483647 48271 32768 565739519 1581744128 32768 210 4096 0 0 0 0 0 0 0 0 0 0 0 0 0 0 0 0 
pc: 1660
time_cur: 465
ROB_cur:3, 165c
165c
0 5808 131040 0 0 5264 0 0 2147483647 48271 32768 565739519 1581744128 16384 210 4096 0 0 0 0 0 0 0 0 0 0 0 0 0 0 0 0 
pc: 1664
time_cur: 466
ROB_cur:4, 1660
1660
0 5808 131040 0 0 5264 0 0 2147483647 48271 32768 565739519 790872064 16384 210 4096 0 0 0 0 0 0 0 0 0 0 0 0 0 0 0 0 
time_cur: 467
ROB_cur:5, 1664
1664
0 5808 131040 0 0 5264 0 0 2147483647 48271 32768 565739519 790872064 16384 210 4096 0 0 0 0 0 0 0 0 0 0 0 0 0 0 0 0 
time_cur: 468
ROB_cur:0, 0
pc: 1668
time_cur: 469
ROB_cur:0, 0
pc: 1650
time_cur: 470
ROB_cur:0, 1650
pc: 1654
time_cur: 471
ROB_cur:0, 1650
1650
0 5808 131040 0 0 5264 0 0 2147483647 48271 32768 565739519 790872064 16384 210 4096 0 0 0 0 0 0 0 0 0 0 0 0 0 0 0 0 
time_cur: 472
ROB_cur:0, 0
pc: 1658
time_cur: 473
ROB_cur:0, 0
pc: 165c
time_cur: 474
ROB_cur:0, 165c
pc: 1660
time_cur: 475
ROB_cur:0, 165c
165c
0 5808 131040 0 0 5264 0 0 2147483647 48271 32768 565739519 790872064 8192 210 4096 0 0 0 0 0 0 0 0 0 0 0 0 0 0 0 0 
pc: 1664
time_cur: 476
ROB_cur:1, 1660
1660
0 5808 131040 0 0 5264 0 0 2147483647 48271 32768 565739519 395436032 8192 210 4096 0 0 0 0 0 0 0 0 0 0 0 0 0 0 0 0 
time_cur: 477
ROB_cur:2, 1664
1664
0 5808 131040 0 0 5264 0 0 2147483647 48271 32768 565739519 395436032 8192 210 4096 0 0 0 0 0 0 0 0 0 0 0 0 0 0 0 0 
time_cur: 478
ROB_cur:0, 0
pc: 1668
time_cur: 479
ROB_cur:0, 0
pc: 1650
time_cur: 480
ROB_cur:0, 1650
pc: 1654
time_cur: 481
ROB_cur:0, 1650
1650
0 5808 131040 0 0 5264 0 0 2147483647 48271 32768 565739519 395436032 8192 210 4096 0 0 0 0 0 0 0 0 0 0 0 0 0 0 0 0 
pc: 1658
time_cur: 482
ROB_cur:1, 1654
1654
0 5808 131040 0 0 5264 0 0 2147483647 48271 32768 170303487 395436032 8192 210 4096 0 0 0 0 0 0 0 0 0 0 0 0 0 0 0 0 
pc: 165c
time_cur: 483
ROB_cur:2, 1658
1658
0 5808 131040 0 0 5264 0 0 2147483647 48271 40960 170303487 395436032 8192 210 4096 0 0 0 0 0 0 0 0 0 0 0 0 0 0 0 0 
pc: 1660
time_cur: 484
ROB_cur:3, 165c
165c
0 5808 131040 0 0 5264 0 0 2147483647 48271 40960 170303487 395436032 4096 210 4096 0 0 0 0 0 0 0 0 0 0 0 0 0 0 0 0 
pc: 1664
time_cur: 485
ROB_cur:4, 1660
1660
0 5808 131040 0 0 5264 0 0 2147483647 48271 40960 170303487 197718016 4096 210 4096 0 0 0 0 0 0 0 0 0 0 0 0 0 0 0 0 
time_cur: 486
ROB_cur:5, 1664
1664
0 5808 131040 0 0 5264 0 0 2147483647 48271 40960 170303487 197718016 4096 210 4096 0 0 0 0 0 0 0 0 0 0 0 0 0 0 0 0 
time_cur: 487
ROB_cur:0, 0
pc: 1668
time_cur: 488
ROB_cur:0, 0
pc: 1650
time_cur: 489
ROB_cur:0, 1650
pc: 1654
time_cur: 490
ROB_cur:0, 1650
1650
0 5808 131040 0 0 5264 0 0 2147483647 48271 40960 170303487 197718016 4096 210 4096 0 0 0 0 0 0 0 0 0 0 0 0 0 0 0 0 
time_cur: 491
ROB_cur:0, 0
pc: 1658
time_cur: 492
ROB_cur:0, 0
pc: 165c
time_cur: 493
ROB_cur:0, 165c
pc: 1660
time_cur: 494
ROB_cur:0, 165c
165c
0 5808 131040 0 0 5264 0 0 2147483647 48271 40960 170303487 197718016 2048 210 4096 0 0 0 0 0 0 0 0 0 0 0 0 0 0 0 0 
pc: 1664
time_cur: 495
ROB_cur:1, 1660
1660
0 5808 131040 0 0 5264 0 0 2147483647 48271 40960 170303487 98859008 2048 210 4096 0 0 0 0 0 0 0 0 0 0 0 0 0 0 0 0 
time_cur: 496
ROB_cur:2, 1664
1664
0 5808 131040 0 0 5264 0 0 2147483647 48271 40960 170303487 98859008 2048 210 4096 0 0 0 0 0 0 0 0 0 0 0 0 0 0 0 0 
time_cur: 497
ROB_cur:0, 0
pc: 1668
time_cur: 498
ROB_cur:0, 0
pc: 1650
time_cur: 499
ROB_cur:0, 1650
pc: 1654
time_cur: 500
ROB_cur:0, 1650
1650
0 5808 131040 0 0 5264 0 0 2147483647 48271 40960 170303487 98859008 2048 210 4096 0 0 0 0 0 0 0 0 0 0 0 0 0 0 0 0 
pc: 1658
time_cur: 501
ROB_cur:1, 1654
1654
0 5808 131040 0 0 5264 0 0 2147483647 48271 40960 71444479 98859008 2048 210 4096 0 0 0 0 0 0 0 0 0 0 0 0 0 0 0 0 
pc: 165c
time_cur: 502
ROB_cur:2, 1658
1658
0 5808 131040 0 0 5264 0 0 2147483647 48271 43008 71444479 98859008 2048 210 4096 0 0 0 0 0 0 0 0 0 0 0 0 0 0 0 0 
pc: 1660
time_cur: 503
ROB_cur:3, 165c
165c
0 5808 131040 0 0 5264 0 0 2147483647 48271 43008 71444479 98859008 1024 210 4096 0 0 0 0 0 0 0 0 0 0 0 0 0 0 0 0 
pc: 1664
time_cur: 504
ROB_cur:4, 1660
1660
0 5808 131040 0 0 5264 0 0 2147483647 48271 43008 71444479 49429504 1024 210 4096 0 0 0 0 0 0 0 0 0 0 0 0 0 0 0 0 
time_cur: 505
ROB_cur:5, 1664
1664
0 5808 131040 0 0 5264 0 0 2147483647 48271 43008 71444479 49429504 1024 210 4096 0 0 0 0 0 0 0 0 0 0 0 0 0 0 0 0 
time_cur: 506
ROB_cur:0, 0
pc: 1668
time_cur: 507
ROB_cur:0, 0
pc: 1650
time_cur: 508
ROB_cur:0, 1650
pc: 1654
time_cur: 509
ROB_cur:0, 1650
1650
0 5808 131040 0 0 5264 0 0 2147483647 48271 43008 71444479 49429504 1024 210 4096 0 0 0 0 0 0 0 0 0 0 0 0 0 0 0 0 
pc: 1658
time_cur: 510
ROB_cur:1, 1654
1654
0 5808 131040 0 0 5264 0 0 2147483647 48271 43008 22014975 49429504 1024 210 4096 0 0 0 0 0 0 0 0 0 0 0 0 0 0 0 0 
pc: 165c
time_cur: 511
ROB_cur:2, 1658
1658
0 5808 131040 0 0 5264 0 0 2147483647 48271 44032 22014975 49429504 1024 210 4096 0 0 0 0 0 0 0 0 0 0 0 0 0 0 0 0 
pc: 1660
time_cur: 512
ROB_cur:3, 165c
165c
0 5808 131040 0 0 5264 0 0 2147483647 48271 44032 22014975 49429504 512 210 4096 0 0 0 0 0 0 0 0 0 0 0 0 0 0 0 0 
pc: 1664
time_cur: 513
ROB_cur:4, 1660
1660
0 5808 131040 0 0 5264 0 0 2147483647 48271 44032 22014975 24714752 512 210 4096 0 0 0 0 0 0 0 0 0 0 0 0 0 0 0 0 
time_cur: 514
ROB_cur:5, 1664
1664
0 5808 131040 0 0 5264 0 0 2147483647 48271 44032 22014975 24714752 512 210 4096 0 0 0 0 0 0 0 0 0 0 0 0 0 0 0 0 
time_cur: 515
ROB_cur:0, 0
pc: 1668
time_cur: 516
ROB_cur:0, 0
pc: 1650
time_cur: 517
ROB_cur:0, 1650
pc: 1654
time_cur: 518
ROB_cur:0, 1650
1650
0 5808 131040 0 0 5264 0 0 2147483647 48271 44032 22014975 24714752 512 210 4096 0 0 0 0 0 0 0 0 0 0 0 0 0 0 0 0 
time_cur: 519
ROB_cur:0, 0
pc: 1658
time_cur: 520
ROB_cur:0, 0
pc: 165c
time_cur: 521
ROB_cur:0, 165c
pc: 1660
time_cur: 522
ROB_cur:0, 165c
165c
0 5808 131040 0 0 5264 0 0 2147483647 48271 44032 22014975 24714752 256 210 4096 0 0 0 0 0 0 0 0 0 0 0 0 0 0 0 0 
pc: 1664
time_cur: 523
ROB_cur:1, 1660
1660
0 5808 131040 0 0 5264 0 0 2147483647 48271 44032 22014975 12357376 256 210 4096 0 0 0 0 0 0 0 0 0 0 0 0 0 0 0 0 
time_cur: 524
ROB_cur:2, 1664
1664
0 5808 131040 0 0 5264 0 0 2147483647 48271 44032 22014975 12357376 256 210 4096 0 0 0 0 0 0 0 0 0 0 0 0 0 0 0 0 
time_cur: 525
ROB_cur:0, 0
pc: 1668
time_cur: 526
ROB_cur:0, 0
pc: 1650
time_cur: 527
ROB_cur:0, 1650
pc: 1654
time_cur: 528
ROB_cur:0, 1650
1650
0 5808 131040 0 0 5264 0 0 2147483647 48271 44032 22014975 12357376 256 210 4096 0 0 0 0 0 0 0 0 0 0 0 0 0 0 0 0 
pc: 1658
time_cur: 529
ROB_cur:1, 1654
1654
0 5808 131040 0 0 5264 0 0 2147483647 48271 44032 9657599 12357376 256 210 4096 0 0 0 0 0 0 0 0 0 0 0 0 0 0 0 0 
pc: 165c
time_cur: 530
ROB_cur:2, 1658
1658
0 5808 131040 0 0 5264 0 0 2147483647 48271 44288 9657599 12357376 256 210 4096 0 0 0 0 0 0 0 0 0 0 0 0 0 0 0 0 
pc: 1660
time_cur: 531
ROB_cur:3, 165c
165c
0 5808 131040 0 0 5264 0 0 2147483647 48271 44288 9657599 12357376 128 210 4096 0 0 0 0 0 0 0 0 0 0 0 0 0 0 0 0 
pc: 1664
time_cur: 532
ROB_cur:4, 1660
1660
0 5808 131040 0 0 5264 0 0 2147483647 48271 44288 9657599 6178688 128 210 4096 0 0 0 0 0 0 0 0 0 0 0 0 0 0 0 0 
time_cur: 533
ROB_cur:5, 1664
1664
0 5808 131040 0 0 5264 0 0 2147483647 48271 44288 9657599 6178688 128 210 4096 0 0 0 0 0 0 0 0 0 0 0 0 0 0 0 0 
time_cur: 534
ROB_cur:0, 0
pc: 1668
time_cur: 535
ROB_cur:0, 0
pc: 1650
time_cur: 536
ROB_cur:0, 1650
pc: 1654
time_cur: 537
ROB_cur:0, 1650
1650
0 5808 131040 0 0 5264 0 0 2147483647 48271 44288 9657599 6178688 128 210 4096 0 0 0 0 0 0 0 0 0 0 0 0 0 0 0 0 
pc: 1658
time_cur: 538
ROB_cur:1, 1654
1654
0 5808 131040 0 0 5264 0 0 2147483647 48271 44288 3478911 6178688 128 210 4096 0 0 0 0 0 0 0 0 0 0 0 0 0 0 0 0 
pc: 165c
time_cur: 539
ROB_cur:2, 1658
1658
0 5808 131040 0 0 5264 0 0 2147483647 48271 44416 3478911 6178688 128 210 4096 0 0 0 0 0 0 0 0 0 0 0 0 0 0 0 0 
pc: 1660
time_cur: 540
ROB_cur:3, 165c
165c
0 5808 131040 0 0 5264 0 0 2147483647 48271 44416 3478911 6178688 64 210 4096 0 0 0 0 0 0 0 0 0 0 0 0 0 0 0 0 
pc: 1664
time_cur: 541
ROB_cur:4, 1660
1660
0 5808 131040 0 0 5264 0 0 2147483647 48271 44416 3478911 3089344 64 210 4096 0 0 0 0 0 0 0 0 0 0 0 0 0 0 0 0 
time_cur: 542
ROB_cur:5, 1664
1664
0 5808 131040 0 0 5264 0 0 2147483647 48271 44416 3478911 3089344 64 210 4096 0 0 0 0 0 0 0 0 0 0 0 0 0 0 0 0 
time_cur: 543
ROB_cur:0, 0
pc: 1668
time_cur: 544
ROB_cur:0, 0
pc: 1650
time_cur: 545
ROB_cur:0, 1650
pc: 1654
time_cur: 546
ROB_cur:0, 1650
1650
0 5808 131040 0 0 5264 0 0 2147483647 48271 44416 3478911 3089344 64 210 4096 0 0 0 0 0 0 0 0 0 0 0 0 0 0 0 0 
pc: 1658
time_cur: 547
ROB_cur:1, 1654
1654
0 5808 131040 0 0 5264 0 0 2147483647 48271 44416 389567 3089344 64 210 4096 0 0 0 0 0 0 0 0 0 0 0 0 0 0 0 0 
pc: 165c
time_cur: 548
ROB_cur:2, 1658
1658
0 5808 131040 0 0 5264 0 0 2147483647 48271 44480 389567 3089344 64 210 4096 0 0 0 0 0 0 0 0 0 0 0 0 0 0 0 0 
pc: 1660
time_cur: 549
ROB_cur:3, 165c
165c
0 5808 131040 0 0 5264 0 0 2147483647 48271 44480 389567 3089344 32 210 4096 0 0 0 0 0 0 0 0 0 0 0 0 0 0 0 0 
pc: 1664
time_cur: 550
ROB_cur:4, 1660
1660
0 5808 131040 0 0 5264 0 0 2147483647 48271 44480 389567 1544672 32 210 4096 0 0 0 0 0 0 0 0 0 0 0 0 0 0 0 0 
time_cur: 551
ROB_cur:5, 1664
1664
0 5808 131040 0 0 5264 0 0 2147483647 48271 44480 389567 1544672 32 210 4096 0 0 0 0 0 0 0 0 0 0 0 0 0 0 0 0 
time_cur: 552
ROB_cur:0, 0
pc: 1668
time_cur: 553
ROB_cur:0, 0
pc: 1650
time_cur: 554
ROB_cur:0, 1650
pc: 1654
time_cur: 555
ROB_cur:0, 1650
1650
0 5808 131040 0 0 5264 0 0 2147483647 48271 44480 389567 1544672 32 210 4096 0 0 0 0 0 0 0 0 0 0 0 0 0 0 0 0 
time_cur: 556
ROB_cur:0, 0
pc: 1658
time_cur: 557
ROB_cur:0, 0
pc: 165c
time_cur: 558
ROB_cur:0, 165c
pc: 1660
time_cur: 559
ROB_cur:0, 165c
165c
0 5808 131040 0 0 5264 0 0 2147483647 48271 44480 389567 1544672 16 210 4096 0 0 0 0 0 0 0 0 0 0 0 0 0 0 0 0 
pc: 1664
time_cur: 560
ROB_cur:1, 1660
1660
0 5808 131040 0 0 5264 0 0 2147483647 48271 44480 389567 772336 16 210 4096 0 0 0 0 0 0 0 0 0 0 0 0 0 0 0 0 
time_cur: 561
ROB_cur:2, 1664
1664
0 5808 131040 0 0 5264 0 0 2147483647 48271 44480 389567 772336 16 210 4096 0 0 0 0 0 0 0 0 0 0 0 0 0 0 0 0 
time_cur: 562
ROB_cur:0, 0
pc: 1668
time_cur: 563
ROB_cur:0, 0
pc: 1650
time_cur: 564
ROB_cur:0, 1650
pc: 1654
time_cur: 565
ROB_cur:0, 1650
1650
0 5808 131040 0 0 5264 0 0 2147483647 48271 44480 389567 772336 16 210 4096 0 0 0 0 0 0 0 0 0 0 0 0 0 0 0 0 
time_cur: 566
ROB_cur:0, 0
pc: 1658
time_cur: 567
ROB_cur:0, 0
pc: 165c
time_cur: 568
ROB_cur:0, 165c
pc: 1660
time_cur: 569
ROB_cur:0, 165c
165c
0 5808 131040 0 0 5264 0 0 2147483647 48271 44480 389567 772336 8 210 4096 0 0 0 0 0 0 0 0 0 0 0 0 0 0 0 0 
pc: 1664
time_cur: 570
ROB_cur:1, 1660
1660
0 5808 131040 0 0 5264 0 0 2147483647 48271 44480 389567 386168 8 210 4096 0 0 0 0 0 0 0 0 0 0 0 0 0 0 0 0 
time_cur: 571
ROB_cur:2, 1664
1664
0 5808 131040 0 0 5264 0 0 2147483647 48271 44480 389567 386168 8 210 4096 0 0 0 0 0 0 0 0 0 0 0 0 0 0 0 0 
time_cur: 572
ROB_cur:0, 0
pc: 1668
time_cur: 573
ROB_cur:0, 0
pc: 1650
time_cur: 574
ROB_cur:0, 1650
pc: 1654
time_cur: 575
ROB_cur:0, 1650
1650
0 5808 131040 0 0 5264 0 0 2147483647 48271 44480 389567 386168 8 210 4096 0 0 0 0 0 0 0 0 0 0 0 0 0 0 0 0 
pc: 1658
time_cur: 576
ROB_cur:1, 1654
1654
0 5808 131040 0 0 5264 0 0 2147483647 48271 44480 3399 386168 8 210 4096 0 0 0 0 0 0 0 0 0 0 0 0 0 0 0 0 
pc: 165c
time_cur: 577
ROB_cur:2, 1658
1658
0 5808 131040 0 0 5264 0 0 2147483647 48271 44488 3399 386168 8 210 4096 0 0 0 0 0 0 0 0 0 0 0 0 0 0 0 0 
pc: 1660
time_cur: 578
ROB_cur:3, 165c
165c
0 5808 131040 0 0 5264 0 0 2147483647 48271 44488 3399 386168 4 210 4096 0 0 0 0 0 0 0 0 0 0 0 0 0 0 0 0 
pc: 1664
time_cur: 579
ROB_cur:4, 1660
1660
0 5808 131040 0 0 5264 0 0 2147483647 48271 44488 3399 193084 4 210 4096 0 0 0 0 0 0 0 0 0 0 0 0 0 0 0 0 
time_cur: 580
ROB_cur:5, 1664
1664
0 5808 131040 0 0 5264 0 0 2147483647 48271 44488 3399 193084 4 210 4096 0 0 0 0 0 0 0 0 0 0 0 0 0 0 0 0 
time_cur: 581
ROB_cur:0, 0
pc: 1668
time_cur: 582
ROB_cur:0, 0
pc: 1650
time_cur: 583
ROB_cur:0, 1650
pc: 1654
time_cur: 584
ROB_cur:0, 1650
1650
0 5808 131040 0 0 5264 0 0 2147483647 48271 44488 3399 193084 4 210 4096 0 0 0 0 0 0 0 0 0 0 0 0 0 0 0 0 
time_cur: 585
ROB_cur:0, 0
pc: 1658
time_cur: 586
ROB_cur:0, 0
pc: 165c
time_cur: 587
ROB_cur:0, 165c
pc: 1660
time_cur: 588
ROB_cur:0, 165c
165c
0 5808 131040 0 0 5264 0 0 2147483647 48271 44488 3399 193084 2 210 4096 0 0 0 0 0 0 0 0 0 0 0 0 0 0 0 0 
pc: 1664
time_cur: 589
ROB_cur:1, 1660
1660
0 5808 131040 0 0 5264 0 0 2147483647 48271 44488 3399 96542 2 210 4096 0 0 0 0 0 0 0 0 0 0 0 0 0 0 0 0 
time_cur: 590
ROB_cur:2, 1664
1664
0 5808 131040 0 0 5264 0 0 2147483647 48271 44488 3399 96542 2 210 4096 0 0 0 0 0 0 0 0 0 0 0 0 0 0 0 0 
time_cur: 591
ROB_cur:0, 0
pc: 1668
time_cur: 592
ROB_cur:0, 0
pc: 1650
time_cur: 593
ROB_cur:0, 1650
pc: 1654
time_cur: 594
ROB_cur:0, 1650
1650
0 5808 131040 0 0 5264 0 0 2147483647 48271 44488 3399 96542 2 210 4096 0 0 0 0 0 0 0 0 0 0 0 0 0 0 0 0 
time_cur: 595
ROB_cur:0, 0
pc: 1658
time_cur: 596
ROB_cur:0, 0
pc: 165c
time_cur: 597
ROB_cur:0, 165c
pc: 1660
time_cur: 598
ROB_cur:0, 165c
165c
0 5808 131040 0 0 5264 0 0 2147483647 48271 44488 3399 96542 1 210 4096 0 0 0 0 0 0 0 0 0 0 0 0 0 0 0 0 
pc: 1664
time_cur: 599
ROB_cur:1, 1660
1660
0 5808 131040 0 0 5264 0 0 2147483647 48271 44488 3399 48271 1 210 4096 0 0 0 0 0 0 0 0 0 0 0 0 0 0 0 0 
time_cur: 600
ROB_cur:2, 1664
1664
0 5808 131040 0 0 5264 0 0 2147483647 48271 44488 3399 48271 1 210 4096 0 0 0 0 0 0 0 0 0 0 0 0 0 0 0 0 
time_cur: 601
ROB_cur:0, 0
pc: 1668
time_cur: 602
ROB_cur:0, 0
pc: 1650
time_cur: 603
ROB_cur:0, 1650
pc: 1654
time_cur: 604
ROB_cur:0, 1650
1650
0 5808 131040 0 0 5264 0 0 2147483647 48271 44488 3399 48271 1 210 4096 0 0 0 0 0 0 0 0 0 0 0 0 0 0 0 0 
time_cur: 605
ROB_cur:0, 0
pc: 1658
time_cur: 606
ROB_cur:0, 0
pc: 165c
time_cur: 607
ROB_cur:0, 165c
pc: 1660
time_cur: 608
ROB_cur:0, 165c
165c
0 5808 131040 0 0 5264 0 0 2147483647 48271 44488 3399 48271 0 210 4096 0 0 0 0 0 0 0 0 0 0 0 0 0 0 0 0 
pc: 1664
time_cur: 609
ROB_cur:1, 1660
1660
0 5808 131040 0 0 5264 0 0 2147483647 48271 44488 3399 24135 0 210 4096 0 0 0 0 0 0 0 0 0 0 0 0 0 0 0 0 
time_cur: 610
ROB_cur:2, 1664
1664
0 5808 131040 0 0 5264 0 0 2147483647 48271 44488 3399 24135 0 210 4096 0 0 0 0 0 0 0 0 0 0 0 0 0 0 0 0 
pc: 1668
time_cur: 611
ROB_cur:3, 1668
1668
0 5808 131040 0 0 5264 0 0 2147483647 48271 44488 3399 24135 0 210 4096 0 0 0 0 0 0 0 0 0 0 0 0 0 0 0 0 
pc: 16b0
time_cur: 612
ROB_cur:4, 16b0
time_cur: 613
ROB_cur:4, 16b0
16b0
0 5808 131040 0 0 5264 0 0 2147483647 48271 3399 3399 24135 0 210 4096 0 0 0 0 0 0 0 0 0 0 0 0 0 0 0 0 
pc: 16b4
time_cur: 614
ROB_cur:5, 16b4
16b4
0 5808 131040 0 0 5264 0 0 2147483647 48271 3399 3399 24135 0 210 4096 0 0 0 0 0 0 0 0 0 0 0 0 0 0 0 0 
pc: 1490
time_cur: 615
ROB_cur:6, 1490
1490
0 5808 131040 0 0 5264 0 0 2147483647 48271 3399 3399 24135 0 210 4096 0 0 0 0 0 0 0 0 0 0 0 0 0 0 0 0 
pc: 1494
time_cur: 616
ROB_cur:7, 1494
1494
0 5808 131040 0 0 5264 0 0 2147483647 48271 3399 3399 24135 0 210 4096 0 0 0 0 0 0 0 0 0 0 0 0 0 0 0 0 
pc: 1498
time_cur: 617
ROB_cur:8, 1498
time_cur: 618
ROB_cur:8, 1498
1498
0 5808 131040 0 0 5264 0 0 2147483647 48271 210 3399 24135 0 210 4096 0 0 0 0 0 0 0 0 0 0 0 0 0 0 0 0 
pc: 149c
time_cur: 619
ROB_cur:9, 149c
149c
0 5280 131040 0 0 5264 0 0 2147483647 48271 210 3399 24135 0 210 4096 0 0 0 0 0 0 0 0 0 0 0 0 0 0 0 0 
pc: 110c
time_cur: 620
ROB_cur:10, 110c
pc: 1110
time_cur: 621
ROB_cur:10, 110c
110c
0 5280 131024 0 0 5264 0 0 2147483647 48271 210 3399 24135 0 210 4096 0 0 0 0 0 0 0 0 0 0 0 0 0 0 0 0 
pc: 1114
time_cur: 622
ROB_cur:11, 1110
1110
0 5280 131024 0 0 5264 0 0 2147483647 48271 210 3399 24135 0 210 4096 0 0 0 0 0 0 0 0 0 0 0 0 0 0 0 0 
pc: 1118
time_cur: 623
ROB_cur:12, 1114
1114
0 5280 131024 0 0 5264 0 0 2147483647 48271 210 3399 24135 0 210 4096 0 0 0 0 0 0 0 0 0 0 0 0 0 0 0 0 
pc: 111c
time_cur: 624
ROB_cur:13, 1118
1118
0 5280 131024 0 0 5264 0 0 2147483647 48271 210 3399 24135 0 210 4096 0 0 0 0 0 0 0 0 0 0 0 0 0 0 0 0 
pc: 1120
time_cur: 625
ROB_cur:14, 111c
111c
0 5280 131024 0 0 5264 0 0 2147483647 48271 210 3399 24135 0 210 4096 0 0 0 0 0 0 0 0 0 0 0 0 0 0 0 0 
pc: 1124
time_cur: 626
ROB_cur:15, 1120
1120
0 5280 131024 0 0 5264 0 0 2147483647 48271 210 3399 24135 0 210 4096 0 0 210 0 0 0 0 0 0 0 0 0 0 0 0 0 
pc: 1128
time_cur: 627
ROB_cur:16, 1124
1124
0 5280 131024 0 0 5264 0 0 2147483647 48271 210 3399 24135 0 210 4096 0 0 210 0 0 0 0 0 0 0 0 0 0 0 0 0 
pc: 112c
time_cur: 628
ROB_cur:17, 1128
pc: 1130
time_cur: 629
ROB_cur:17, 1128
pc: 1134
time_cur: 630
ROB_cur:17, 1128
time_cur: 631
ROB_cur:17, 1128
pc: 1138
time_cur: 632
ROB_cur:17, 1128
pc: 15f8
time_cur: 633
ROB_cur:17, 1128
pc: 15fc
time_cur: 634
ROB_cur:17, 1128
pc: 1600
time_cur: 635
ROB_cur:17, 1128
pc: 1604
time_cur: 636
ROB_cur:17, 1128
pc: 1608
time_cur: 637
ROB_cur:17, 1128
pc: 160c
time_cur: 638
ROB_cur:17, 1128
1128
0 5280 131024 0 0 5264 0 0 2147483647 48271 0 3399 24135 0 210 4096 0 0 210 0 0 0 0 0 0 0 0 0 0 0 0 0 
pc: 1610
time_cur: 639
ROB_cur:18, 112c
112c
0 5280 131024 0 0 5264 0 0 2147483647 48271 0 3399 24135 0 210 4096 0 0 210 0 0 0 0 0 0 0 0 0 0 0 0 0 
pc: 1614
time_cur: 640
ROB_cur:19, 1130
1130
0 5280 131024 0 0 5264 0 0 1 48271 0 3399 24135 0 210 4096 0 0 210 0 0 0 0 0 0 0 0 0 0 0 0 0 
time_cur: 641
ROB_cur:20, 1134
1134
0 5280 131024 0 0 5264 0 0 1 48271 0 1 24135 0 210 4096 0 0 210 0 0 0 0 0 0 0 0 0 0 0 0 0 
pc: 1618
time_cur: 642
ROB_cur:21, 1138
1138
0 4412 131024 0 0 5264 0 0 1 48271 0 1 24135 0 210 4096 0 0 210 0 0 0 0 0 0 0 0 0 0 0 0 0 
pc: 113c
time_cur: 643
ROB_cur:22, 15f8
15f8
0 4412 131024 0 0 5264 0 0 1 48271 0 1 0 0 210 4096 0 0 210 0 0 0 0 0 0 0 0 0 0 0 0 0 
pc: 1140
time_cur: 644
ROB_cur:23, 15fc
15fc
0 4412 131024 0 0 5264 0 0 1 48271 0 1 0 0 210 4096 0 0 210 0 0 0 0 0 0 0 0 0 0 0 0 0 
pc: 1144
time_cur: 645
ROB_cur:24, 1600
1600
0 4412 131024 0 0 5264 0 0 1 48271 0 1 0 1 210 4096 0 0 210 0 0 0 0 0 0 0 0 0 0 0 0 0 
pc: 1148
time_cur: 646
ROB_cur:25, 1604
1604
0 4412 131024 0 0 5264 0 0 1 48271 0 1 0 1 210 4096 0 0 210 0 0 0 0 0 0 0 0 0 0 0 0 0 
pc: 114c
time_cur: 647
ROB_cur:26, 1608
1608
0 4412 131024 0 0 5264 0 0 1 48271 0 1 0 1 210 4096 0 0 210 0 0 0 0 0 0 0 0 0 0 0 0 0 
pc: 1150
time_cur: 648
ROB_cur:27, 160c
160c
0 4412 131024 0 0 5264 0 0 1 48271 0 0 0 1 210 4096 0 0 210 0 0 0 0 0 0 0 0 0 0 0 0 0 
pc: 1154
time_cur: 649
ROB_cur:28, 1610
1610
0 4412 131024 0 0 5264 0 0 1 48271 0 0 0 1 210 4096 0 0 210 0 0 0 0 0 0 0 0 0 0 0 0 0 
pc: 1158
time_cur: 650
ROB_cur:29, 1614
1614
0 4412 131024 0 0 5264 0 0 1 48271 0 0 0 1 210 4096 0 0 210 0 0 0 0 0 0 0 0 0 0 0 0 0 
time_cur: 651
ROB_cur:30, 1618
1618
0 4412 131024 0 0 5264 0 0 1 48271 0 0 0 1 210 4096 0 0 210 0 0 0 0 0 0 0 0 0 0 0 0 0 
pc: 115c
time_cur: 652
ROB_cur:31, 113c
113c
0 4412 131024 0 0 5264 0 0 1 48271 0 0 0 1 210 0 0 0 210 0 0 0 0 0 0 0 0 0 0 0 0 0 
pc: 15f8
time_cur: 653
ROB_cur:0, 1140
1140
0 4412 131024 0 0 5264 0 0 1 48271 0 0 0 1 210 0 0 0 210 0 0 0 0 0 0 0 0 0 0 0 0 0 
pc: 15fc
time_cur: 654
ROB_cur:1, 1144
1144
0 4412 131024 0 0 5264 0 0 1 48271 0 0 0 1 210 0 0 0 210 0 0 0 0 0 0 0 0 0 0 0 0 0 
pc: 1600
time_cur: 655
ROB_cur:2, 1148
1148
0 4412 131024 0 0 5264 0 0 1 48271 0 0 0 1 210 0 0 0 210 0 0 0 0 0 0 0 0 0 0 0 0 0 
pc: 1604
time_cur: 656
ROB_cur:3, 114c
114c
0 4412 131024 0 0 5264 0 0 1 48271 0 0 0 1 210 0 0 0 210 0 0 0 0 0 0 0 0 0 0 0 0 0 
pc: 1608
time_cur: 657
ROB_cur:4, 1150
1150
0 4412 131024 0 0 5264 0 0 1 2 0 0 0 1 210 0 0 0 210 0 0 0 0 0 0 0 0 0 0 0 0 0 
pc: 160c
time_cur: 658
ROB_cur:5, 1154
1154
0 4412 131024 0 0 5264 0 0 1 2 0 1 0 1 210 0 0 0 210 0 0 0 0 0 0 0 0 0 0 0 0 0 
pc: 1610
time_cur: 659
ROB_cur:6, 1158
1158
0 4412 131024 0 0 5264 0 0 1 2 2 1 0 1 210 0 0 0 210 0 0 0 0 0 0 0 0 0 0 0 0 0 
pc: 1614
time_cur: 660
ROB_cur:7, 115c
115c
0 4448 131024 0 0 5264 0 0 1 2 2 1 0 1 210 0 0 0 210 0 0 0 0 0 0 0 0 0 0 0 0 0 
time_cur: 661
ROB_cur:8, 15f8
15f8
0 4448 131024 0 0 5264 0 0 1 2 2 1 2 1 210 0 0 0 210 0 0 0 0 0 0 0 0 0 0 0 0 0 
pc: 1618
time_cur: 662
ROB_cur:9, 15fc
15fc
0 4448 131024 0 0 5264 0 0 1 2 0 1 2 1 210 0 0 0 210 0 0 0 0 0 0 0 0 0 0 0 0 0 
pc: 1160
time_cur: 663
ROB_cur:10, 1600
1600
0 4448 131024 0 0 5264 0 0 1 2 0 1 2 0 210 0 0 0 210 0 0 0 0 0 0 0 0 0 0 0 0 0 
pc: 1164
time_cur: 664
ROB_cur:11, 1604
1604
0 4448 131024 0 0 5264 0 0 1 2 0 1 2 0 210 0 0 0 210 0 0 0 0 0 0 0 0 0 0 0 0 0 
