0
0 0 131072 0 0 0 0 0 0 0 0 0 0 0 0 0 0 0 0 0 0 0 0 0 0 0 0 0 0 0 0 0 
4
0 8 131072 0 0 0 0 0 0 0 0 0 0 0 0 0 0 0 0 0 0 0 0 0 0 0 0 0 0 0 0 0 
1044
0 8 131056 0 0 0 0 0 0 0 0 0 0 0 0 0 0 0 0 0 0 0 0 0 0 0 0 0 0 0 0 0 
1048
0 8 131056 0 0 0 0 0 0 0 0 0 0 0 0 0 0 0 0 0 0 0 0 0 0 0 0 0 0 0 0 0 
104c
0 8 131056 0 0 0 0 0 0 0 0 0 0 0 0 4096 0 0 0 0 0 0 0 0 0 0 0 0 0 0 0 0 
1050
0 8 131056 0 0 0 0 0 0 0 0 0 0 0 0 1 0 0 0 0 0 0 0 0 0 0 0 0 0 0 0 0 
1054
0 8 131056 0 0 0 0 0 0 0 0 0 0 0 536870912 1 0 0 0 0 0 0 0 0 0 0 0 0 0 0 0 0 
1058
0 8 131056 0 0 0 0 0 0 0 0 0 0 0 536870911 1 0 0 0 0 0 0 0 0 0 0 0 0 0 0 0 0 
105c
0 8 131056 0 0 0 0 0 0 0 0 0 0 0 536870912 1 0 0 0 0 0 0 0 0 0 0 0 0 0 0 0 0 
1060
0 8 131056 0 0 0 0 0 0 0 0 0 0 1073741824 536870912 1 0 0 0 0 0 0 0 0 0 0 0 0 0 0 0 0 
1064
0 8 131056 0 0 0 0 0 0 0 0 0 0 1073741822 536870912 1 0 0 0 0 0 0 0 0 0 0 0 0 0 0 0 0 
1068
0 8 131056 0 0 0 0 0 0 0 0 0 0 1073741822 536870912 1 0 0 0 0 0 0 0 0 0 0 0 0 0 0 0 0 
106c
0 8 131056 0 0 0 0 0 0 0 0 0 0 1073741822 4096 1 0 0 0 0 0 0 0 0 0 0 0 0 0 0 0 0 
1070
0 8 131056 0 0 0 0 0 0 0 0 0 0 1073741822 1 1 0 0 0 0 0 0 0 0 0 0 0 0 0 0 0 0 
1074
0 8 131056 0 0 0 0 0 0 0 0 0 0 4096 1 1 0 0 0 0 0 0 0 0 0 0 0 0 0 0 0 0 
1078
0 8 131056 0 0 0 0 0 0 0 0 0 0 1 1 1 0 0 0 0 0 0 0 0 0 0 0 0 0 0 0 0 
107c
0 8 131056 0 0 0 0 0 0 0 536870912 0 0 1 1 1 0 0 0 0 0 0 0 0 0 0 0 0 0 0 0 0 
1080
0 8 131056 0 0 0 0 0 0 0 536870911 0 0 1 1 1 0 0 0 0 0 0 0 0 0 0 0 0 0 0 0 0 
1084
0 8 131056 0 0 0 0 0 0 0 536870911 1073741824 0 1 1 1 0 0 0 0 0 0 0 0 0 0 0 0 0 0 0 0 
1088
0 8 131056 0 0 0 0 0 0 0 536870911 1073741822 0 1 1 1 0 0 0 0 0 0 0 0 0 0 0 0 0 0 0 0 
108c
0 8 131056 0 0 0 0 0 0 0 536870911 1073741822 0 1 1 1 0 0 0 0 0 0 0 0 0 0 0 0 0 0 0 0 
1090
0 8 131056 0 0 0 0 0 0 0 536870911 1073741822 0 1 4294967295 1 0 0 0 0 0 0 0 0 0 0 0 0 0 0 0 0 
1094
0 8 131056 0 0 0 0 0 0 0 536870911 1073741822 1 1 4294967295 1 0 0 0 0 0 0 0 0 0 0 0 0 0 0 0 0 
1098
0 8 131056 0 0 0 0 0 0 0 536870911 1073741822 1 1 4294967294 1 0 0 0 0 0 0 0 0 0 0 0 0 0 0 0 0 
109c
0 8 131056 0 0 0 0 0 0 0 536870911 1073741822 1 1 3 1 0 0 0 0 0 0 0 0 0 0 0 0 0 0 0 0 
10a0
0 8 131056 0 0 0 0 0 0 0 536870911 1073741822 1 1 3 4294967294 0 0 0 0 0 0 0 0 0 0 0 0 0 0 0 0 
10a4
0 8 131056 0 0 0 0 0 0 0 536870911 1073741822 4294967291 1 3 4294967294 0 0 0 0 0 0 0 0 0 0 0 0 0 0 0 0 
10a8
0 8 131056 0 0 0 0 0 0 0 536870911 1073741822 4294967286 1 3 4294967294 0 0 0 0 0 0 0 0 0 0 0 0 0 0 0 0 
10ac
0 8 131056 0 0 0 0 0 0 0 536870911 1073741822 4294967286 4294967295 3 4294967294 0 0 0 0 0 0 0 0 0 0 0 0 0 0 0 0 
10b0
0 8 131056 0 0 0 0 0 0 0 536870911 1073741822 4294967286 9 3 4294967294 0 0 0 0 0 0 0 0 0 0 0 0 0 0 0 0 
10b4
0 8 131056 0 0 0 0 0 0 0 536870911 1073741822 4294967286 9 3 7 0 0 0 0 0 0 0 0 0 0 0 0 0 0 0 0 
10b8
0 8 131056 0 0 0 0 0 0 0 536870911 1073741822 4294967286 9 3 17 0 0 0 0 0 0 0 0 0 0 0 0 0 0 0 0 
10bc
0 8 131056 0 0 0 0 0 0 0 536870911 1073741822 536870928 9 3 17 0 0 0 0 0 0 0 0 0 0 0 0 0 0 0 0 
10c0
0 8 131056 0 0 0 0 0 0 0 536870911 1073741822 536870928 9 3 17 0 0 0 0 0 0 0 0 0 0 0 0 0 0 0 0 
108c
0 8 131056 0 0 0 0 0 0 0 536870911 1073741822 14 9 3 17 0 0 0 0 0 0 0 0 0 0 0 0 0 0 0 0 
1090
0 8 131056 0 0 0 0 0 0 0 536870911 1073741822 14 9 11 17 0 0 0 0 0 0 0 0 0 0 0 0 0 0 0 0 
1094
0 8 131056 0 0 0 0 0 0 0 536870911 1073741822 23 9 11 17 0 0 0 0 0 0 0 0 0 0 0 0 0 0 0 0 
1098
0 8 131056 0 0 0 0 0 0 0 536870911 1073741822 23 9 22 17 0 0 0 0 0 0 0 0 0 0 0 0 0 0 0 0 
109c
0 8 131056 0 0 0 0 0 0 0 536870911 1073741822 23 9 1 17 0 0 0 0 0 0 0 0 0 0 0 0 0 0 0 0 
10a0
0 8 131056 0 0 0 0 0 0 0 536870911 1073741822 23 9 1 16 0 0 0 0 0 0 0 0 0 0 0 0 0 0 0 0 
10a4
0 8 131056 0 0 0 0 0 0 0 536870911 1073741822 15 9 1 16 0 0 0 0 0 0 0 0 0 0 0 0 0 0 0 0 
10a8
0 8 131056 0 0 0 0 0 0 0 536870911 1073741822 30 9 1 16 0 0 0 0 0 0 0 0 0 0 0 0 0 0 0 0 
10ac
0 8 131056 0 0 0 0 0 0 0 536870911 1073741822 30 25 1 16 0 0 0 0 0 0 0 0 0 0 0 0 0 0 0 0 
10b0
0 8 131056 0 0 0 0 0 0 0 536870911 1073741822 30 4294967291 1 16 0 0 0 0 0 0 0 0 0 0 0 0 0 0 0 0 
10b4
0 8 131056 0 0 0 0 0 0 0 536870911 1073741822 30 4294967291 1 11 0 0 0 0 0 0 0 0 0 0 0 0 0 0 0 0 
10b8
0 8 131056 0 0 0 0 0 0 0 536870911 1073741822 30 4294967291 1 4294967277 0 0 0 0 0 0 0 0 0 0 0 0 0 0 0 0 
10bc
0 8 131056 0 0 0 0 0 0 0 536870911 1073741822 536870892 4294967291 1 4294967277 0 0 0 0 0 0 0 0 0 0 0 0 0 0 0 0 
10c0
0 8 131056 0 0 0 0 0 0 0 536870911 1073741822 536870892 4294967291 1 4294967277 0 0 0 0 0 0 0 0 0 0 0 0 0 0 0 0 
108c
0 8 131056 0 0 0 0 0 0 0 536870911 1073741822 4294967276 4294967291 1 4294967277 0 0 0 0 0 0 0 0 0 0 0 0 0 0 0 0 
1090
0 8 131056 0 0 0 0 0 0 0 536870911 1073741822 4294967276 4294967291 4294967275 4294967277 0 0 0 0 0 0 0 0 0 0 0 0 0 0 0 0 
1094
0 8 131056 0 0 0 0 0 0 0 536870911 1073741822 4294967271 4294967291 4294967275 4294967277 0 0 0 0 0 0 0 0 0 0 0 0 0 0 0 0 
1098
0 8 131056 0 0 0 0 0 0 0 536870911 1073741822 4294967271 4294967291 4294967254 4294967277 0 0 0 0 0 0 0 0 0 0 0 0 0 0 0 0 
109c
0 8 131056 0 0 0 0 0 0 0 536870911 1073741822 4294967271 4294967291 17 4294967277 0 0 0 0 0 0 0 0 0 0 0 0 0 0 0 0 
10a0
0 8 131056 0 0 0 0 0 0 0 536870911 1073741822 4294967271 4294967291 17 4294967260 0 0 0 0 0 0 0 0 0 0 0 0 0 0 0 0 
10a4
0 8 131056 0 0 0 0 0 0 0 536870911 1073741822 4294967243 4294967291 17 4294967260 0 0 0 0 0 0 0 0 0 0 0 0 0 0 0 0 
10a8
0 8 131056 0 0 0 0 0 0 0 536870911 1073741822 4294967190 4294967291 17 4294967260 0 0 0 0 0 0 0 0 0 0 0 0 0 0 0 0 
10ac
0 8 131056 0 0 0 0 0 0 0 536870911 1073741822 4294967190 4294967255 17 4294967260 0 0 0 0 0 0 0 0 0 0 0 0 0 0 0 0 
10b0
0 8 131056 0 0 0 0 0 0 0 536870911 1073741822 4294967190 65 17 4294967260 0 0 0 0 0 0 0 0 0 0 0 0 0 0 0 0 
10b4
0 8 131056 0 0 0 0 0 0 0 536870911 1073741822 4294967190 65 17 29 0 0 0 0 0 0 0 0 0 0 0 0 0 0 0 0 
10b8
0 8 131056 0 0 0 0 0 0 0 536870911 1073741822 4294967190 65 17 135 0 0 0 0 0 0 0 0 0 0 0 0 0 0 0 0 
10bc
0 8 131056 0 0 0 0 0 0 0 536870911 1073741822 536871046 65 17 135 0 0 0 0 0 0 0 0 0 0 0 0 0 0 0 0 
10c0
0 8 131056 0 0 0 0 0 0 0 536870911 1073741822 536871046 65 17 135 0 0 0 0 0 0 0 0 0 0 0 0 0 0 0 0 
108c
0 8 131056 0 0 0 0 0 0 0 536870911 1073741822 118 65 17 135 0 0 0 0 0 0 0 0 0 0 0 0 0 0 0 0 
1090
0 8 131056 0 0 0 0 0 0 0 536870911 1073741822 118 65 101 135 0 0 0 0 0 0 0 0 0 0 0 0 0 0 0 0 
1094
0 8 131056 0 0 0 0 0 0 0 536870911 1073741822 183 65 101 135 0 0 0 0 0 0 0 0 0 0 0 0 0 0 0 0 
1098
0 8 131056 0 0 0 0 0 0 0 536870911 1073741822 183 65 202 135 0 0 0 0 0 0 0 0 0 0 0 0 0 0 0 0 
109c
0 8 131056 0 0 0 0 0 0 0 536870911 1073741822 183 65 4294967277 135 0 0 0 0 0 0 0 0 0 0 0 0 0 0 0 0 
10a0
0 8 131056 0 0 0 0 0 0 0 536870911 1073741822 183 65 4294967277 154 0 0 0 0 0 0 0 0 0 0 0 0 0 0 0 0 
10a4
0 8 131056 0 0 0 0 0 0 0 536870911 1073741822 173 65 4294967277 154 0 0 0 0 0 0 0 0 0 0 0 0 0 0 0 0 
10a8
0 8 131056 0 0 0 0 0 0 0 536870911 1073741822 346 65 4294967277 154 0 0 0 0 0 0 0 0 0 0 0 0 0 0 0 0 
10ac
0 8 131056 0 0 0 0 0 0 0 536870911 1073741822 346 219 4294967277 154 0 0 0 0 0 0 0 0 0 0 0 0 0 0 0 0 
10b0
0 8 131056 0 0 0 0 0 0 0 536870911 1073741822 346 4294967169 4294967277 154 0 0 0 0 0 0 0 0 0 0 0 0 0 0 0 0 
10b4
0 8 131056 0 0 0 0 0 0 0 536870911 1073741822 346 4294967169 4294967277 27 0 0 0 0 0 0 0 0 0 0 0 0 0 0 0 0 
10b8
0 8 131056 0 0 0 0 0 0 0 536870911 1073741822 346 4294967169 4294967277 4294966977 0 0 0 0 0 0 0 0 0 0 0 0 0 0 0 0 
10bc
0 8 131056 0 0 0 0 0 0 0 536870911 1073741822 536870592 4294967169 4294967277 4294966977 0 0 0 0 0 0 0 0 0 0 0 0 0 0 0 0 
10c0
0 8 131056 0 0 0 0 0 0 0 536870911 1073741822 536870592 4294967169 4294967277 4294966977 0 0 0 0 0 0 0 0 0 0 0 0 0 0 0 0 
108c
0 8 131056 0 0 0 0 0 0 0 536870911 1073741822 4294966996 4294967169 4294967277 4294966977 0 0 0 0 0 0 0 0 0 0 0 0 0 0 0 0 
1090
0 8 131056 0 0 0 0 0 0 0 536870911 1073741822 4294966996 4294967169 4294967015 4294966977 0 0 0 0 0 0 0 0 0 0 0 0 0 0 0 0 
1094
0 8 131056 0 0 0 0 0 0 0 536870911 1073741822 4294966869 4294967169 4294967015 4294966977 0 0 0 0 0 0 0 0 0 0 0 0 0 0 0 0 
1098
0 8 131056 0 0 0 0 0 0 0 536870911 1073741822 4294966869 4294967169 4294966734 4294966977 0 0 0 0 0 0 0 0 0 0 0 0 0 0 0 0 
109c
0 8 131056 0 0 0 0 0 0 0 536870911 1073741822 4294966869 4294967169 135 4294966977 0 0 0 0 0 0 0 0 0 0 0 0 0 0 0 0 
10a0
0 8 131056 0 0 0 0 0 0 0 536870911 1073741822 4294966869 4294967169 135 4294966842 0 0 0 0 0 0 0 0 0 0 0 0 0 0 0 0 
10a4
0 8 131056 0 0 0 0 0 0 0 536870911 1073741822 4294966707 4294967169 135 4294966842 0 0 0 0 0 0 0 0 0 0 0 0 0 0 0 0 
10a8
0 8 131056 0 0 0 0 0 0 0 536870911 1073741822 4294966118 4294967169 135 4294966842 0 0 0 0 0 0 0 0 0 0 0 0 0 0 0 0 
10ac
0 8 131056 0 0 0 0 0 0 0 536870911 1073741822 4294966118 4294966715 135 4294966842 0 0 0 0 0 0 0 0 0 0 0 0 0 0 0 0 
10b0
0 8 131056 0 0 0 0 0 0 0 536870911 1073741822 4294966118 597 135 4294966842 0 0 0 0 0 0 0 0 0 0 0 0 0 0 0 0 
10b4
0 8 131056 0 0 0 0 0 0 0 536870911 1073741822 4294966118 597 135 143 0 0 0 0 0 0 0 0 0 0 0 0 0 0 0 0 
10b8
0 8 131056 0 0 0 0 0 0 0 536870911 1073741822 4294966118 597 135 1321 0 0 0 0 0 0 0 0 0 0 0 0 0 0 0 0 
10bc
0 8 131056 0 0 0 0 0 0 0 536870911 1073741822 536872232 597 135 1321 0 0 0 0 0 0 0 0 0 0 0 0 0 0 0 0 
10c0
0 8 131056 0 0 0 0 0 0 0 536870911 1073741822 536872232 597 135 1321 0 0 0 0 0 0 0 0 0 0 0 0 0 0 0 0 
108c
0 8 131056 0 0 0 0 0 0 0 536870911 1073741822 1186 597 135 1321 0 0 0 0 0 0 0 0 0 0 0 0 0 0 0 0 
1090
0 8 131056 0 0 0 0 0 0 0 536870911 1073741822 1186 597 1051 1321 0 0 0 0 0 0 0 0 0 0 0 0 0 0 0 0 
1094
0 8 131056 0 0 0 0 0 0 0 536870911 1073741822 1783 597 1051 1321 0 0 0 0 0 0 0 0 0 0 0 0 0 0 0 0 
1098
0 8 131056 0 0 0 0 0 0 0 536870911 1073741822 1783 597 2102 1321 0 0 0 0 0 0 0 0 0 0 0 0 0 0 0 0 
109c
0 8 131056 0 0 0 0 0 0 0 536870911 1073741822 1783 597 4294966977 1321 0 0 0 0 0 0 0 0 0 0 0 0 0 0 0 0 
10a0
0 8 131056 0 0 0 0 0 0 0 536870911 1073741822 1783 597 4294966977 1640 0 0 0 0 0 0 0 0 0 0 0 0 0 0 0 0 
10a4
0 8 131056 0 0 0 0 0 0 0 536870911 1073741822 1959 597 4294966977 1640 0 0 0 0 0 0 0 0 0 0 0 0 0 0 0 0 
10a8
0 8 131056 0 0 0 0 0 0 0 536870911 1073741822 3918 597 4294966977 1640 0 0 0 0 0 0 0 0 0 0 0 0 0 0 0 0 
10ac
0 8 131056 0 0 0 0 0 0 0 536870911 1073741822 3918 2237 4294966977 1640 0 0 0 0 0 0 0 0 0 0 0 0 0 0 0 0 
10b0
0 8 131056 0 0 0 0 0 0 0 536870911 1073741822 3918 4294965615 4294966977 1640 0 0 0 0 0 0 0 0 0 0 0 0 0 0 0 0 
10b4
0 8 131056 0 0 0 0 0 0 0 536870911 1073741822 3918 4294965615 4294966977 4294967255 0 0 0 0 0 0 0 0 0 0 0 0 0 0 0 0 
10b8
0 8 131056 0 0 0 0 0 0 0 536870911 1073741822 3918 4294965615 4294966977 4294963337 0 0 0 0 0 0 0 0 0 0 0 0 0 0 0 0 
10bc
0 8 131056 0 0 0 0 0 0 0 536870911 1073741822 536866952 4294965615 4294966977 4294963337 0 0 0 0 0 0 0 0 0 0 0 0 0 0 0 0 
10c0
0 8 131056 0 0 0 0 0 0 0 536870911 1073741822 536866952 4294965615 4294966977 4294963337 0 0 0 0 0 0 0 0 0 0 0 0 0 0 0 0 
108c
0 8 131056 0 0 0 0 0 0 0 536870911 1073741822 4294963656 4294965615 4294966977 4294963337 0 0 0 0 0 0 0 0 0 0 0 0 0 0 0 0 
1090
0 8 131056 0 0 0 0 0 0 0 536870911 1073741822 4294963656 4294965615 4294963975 4294963337 0 0 0 0 0 0 0 0 0 0 0 0 0 0 0 0 
1094
0 8 131056 0 0 0 0 0 0 0 536870911 1073741822 4294961975 4294965615 4294963975 4294963337 0 0 0 0 0 0 0 0 0 0 0 0 0 0 0 0 
1098
0 8 131056 0 0 0 0 0 0 0 536870911 1073741822 4294961975 4294965615 4294960654 4294963337 0 0 0 0 0 0 0 0 0 0 0 0 0 0 0 0 
109c
0 8 131056 0 0 0 0 0 0 0 536870911 1073741822 4294961975 4294965615 1321 4294963337 0 0 0 0 0 0 0 0 0 0 0 0 0 0 0 0 
10a0
0 8 131056 0 0 0 0 0 0 0 536870911 1073741822 4294961975 4294965615 1321 4294962016 0 0 0 0 0 0 0 0 0 0 0 0 0 0 0 0 
10a4
0 8 131056 0 0 0 0 0 0 0 536870911 1073741822 4294960695 4294965615 1321 4294962016 0 0 0 0 0 0 0 0 0 0 0 0 0 0 0 0 
10a8
0 8 131056 0 0 0 0 0 0 0 536870911 1073741822 4294954094 4294965615 1321 4294962016 0 0 0 0 0 0 0 0 0 0 0 0 0 0 0 0 
10ac
0 8 131056 0 0 0 0 0 0 0 536870911 1073741822 4294954094 4294960335 1321 4294962016 0 0 0 0 0 0 0 0 0 0 0 0 0 0 0 0 
10b0
0 8 131056 0 0 0 0 0 0 0 536870911 1073741822 4294954094 6241 1321 4294962016 0 0 0 0 0 0 0 0 0 0 0 0 0 0 0 0 
10b4
0 8 131056 0 0 0 0 0 0 0 536870911 1073741822 4294954094 6241 1321 961 0 0 0 0 0 0 0 0 0 0 0 0 0 0 0 0 
10b8
0 8 131056 0 0 0 0 0 0 0 536870911 1073741822 4294954094 6241 1321 14163 0 0 0 0 0 0 0 0 0 0 0 0 0 0 0 0 
10bc
0 8 131056 0 0 0 0 0 0 0 536870911 1073741822 536885074 6241 1321 14163 0 0 0 0 0 0 0 0 0 0 0 0 0 0 0 0 
10c0
0 8 131056 0 0 0 0 0 0 0 536870911 1073741822 536885074 6241 1321 14163 0 0 0 0 0 0 0 0 0 0 0 0 0 0 0 0 
108c
0 8 131056 0 0 0 0 0 0 0 536870911 1073741822 12842 6241 1321 14163 0 0 0 0 0 0 0 0 0 0 0 0 0 0 0 0 
1090
0 8 131056 0 0 0 0 0 0 0 536870911 1073741822 12842 6241 11521 14163 0 0 0 0 0 0 0 0 0 0 0 0 0 0 0 0 
1094
0 8 131056 0 0 0 0 0 0 0 536870911 1073741822 19083 6241 11521 14163 0 0 0 0 0 0 0 0 0 0 0 0 0 0 0 0 
1098
0 8 131056 0 0 0 0 0 0 0 536870911 1073741822 19083 6241 23042 14163 0 0 0 0 0 0 0 0 0 0 0 0 0 0 0 0 
109c
0 8 131056 0 0 0 0 0 0 0 536870911 1073741822 19083 6241 4294963337 14163 0 0 0 0 0 0 0 0 0 0 0 0 0 0 0 0 
10a0
0 8 131056 0 0 0 0 0 0 0 536870911 1073741822 19083 6241 4294963337 18122 0 0 0 0 0 0 0 0 0 0 0 0 0 0 0 0 
10a4
0 8 131056 0 0 0 0 0 0 0 536870911 1073741822 22081 6241 4294963337 18122 0 0 0 0 0 0 0 0 0 0 0 0 0 0 0 0 
10a8
0 8 131056 0 0 0 0 0 0 0 536870911 1073741822 44162 6241 4294963337 18122 0 0 0 0 0 0 0 0 0 0 0 0 0 0 0 0 
10ac
0 8 131056 0 0 0 0 0 0 0 536870911 1073741822 44162 24363 4294963337 18122 0 0 0 0 0 0 0 0 0 0 0 0 0 0 0 0 
10b0
0 8 131056 0 0 0 0 0 0 0 536870911 1073741822 44162 4294947497 4294963337 18122 0 0 0 0 0 0 0 0 0 0 0 0 0 0 0 0 
10b4
0 8 131056 0 0 0 0 0 0 0 536870911 1073741822 44162 4294947497 4294963337 4294965619 0 0 0 0 0 0 0 0 0 0 0 0 0 0 0 0 
10b8
0 8 131056 0 0 0 0 0 0 0 536870911 1073741822 44162 4294947497 4294963337 4294921457 0 0 0 0 0 0 0 0 0 0 0 0 0 0 0 0 
10bc
0 8 131056 0 0 0 0 0 0 0 536870911 1073741822 536825072 4294947497 4294963337 4294921457 0 0 0 0 0 0 0 0 0 0 0 0 0 0 0 0 
10c0
0 8 131056 0 0 0 0 0 0 0 536870911 1073741822 536825072 4294947497 4294963337 4294921457 0 0 0 0 0 0 0 0 0 0 0 0 0 0 0 0 
108c
0 8 131056 0 0 0 0 0 0 0 536870911 1073741822 4294925416 4294947497 4294963337 4294921457 0 0 0 0 0 0 0 0 0 0 0 0 0 0 0 0 
1090
0 8 131056 0 0 0 0 0 0 0 536870911 1073741822 4294925416 4294947497 4294929375 4294921457 0 0 0 0 0 0 0 0 0 0 0 0 0 0 0 0 
1094
0 8 131056 0 0 0 0 0 0 0 536870911 1073741822 4294905617 4294947497 4294929375 4294921457 0 0 0 0 0 0 0 0 0 0 0 0 0 0 0 0 
1098
0 8 131056 0 0 0 0 0 0 0 536870911 1073741822 4294905617 4294947497 4294891454 4294921457 0 0 0 0 0 0 0 0 0 0 0 0 0 0 0 0 
109c
0 8 131056 0 0 0 0 0 0 0 536870911 1073741822 4294905617 4294947497 14163 4294921457 0 0 0 0 0 0 0 0 0 0 0 0 0 0 0 0 
10a0
0 8 131056 0 0 0 0 0 0 0 536870911 1073741822 4294905617 4294947497 14163 4294907294 0 0 0 0 0 0 0 0 0 0 0 0 0 0 0 0 
10a4
0 8 131056 0 0 0 0 0 0 0 536870911 1073741822 4294893131 4294947497 14163 4294907294 0 0 0 0 0 0 0 0 0 0 0 0 0 0 0 0 
10a8
0 8 131056 0 0 0 0 0 0 0 536870911 1073741822 4294818966 4294947497 14163 4294907294 0 0 0 0 0 0 0 0 0 0 0 0 0 0 0 0 
10ac
0 8 131056 0 0 0 0 0 0 0 536870911 1073741822 4294818966 4294887495 14163 4294907294 0 0 0 0 0 0 0 0 0 0 0 0 0 0 0 0 
10b0
0 8 131056 0 0 0 0 0 0 0 536870911 1073741822 4294818966 68529 14163 4294907294 0 0 0 0 0 0 0 0 0 0 0 0 0 0 0 0 
10b4
0 8 131056 0 0 0 0 0 0 0 536870911 1073741822 4294818966 68529 14163 8527 0 0 0 0 0 0 0 0 0 0 0 0 0 0 0 0 
10b8
0 8 131056 0 0 0 0 0 0 0 536870911 1073741822 4294818966 68529 14163 156857 0 0 0 0 0 0 0 0 0 0 0 0 0 0 0 0 
10bc
0 8 131056 0 0 0 0 0 0 0 536870911 1073741822 537027768 68529 14163 156857 0 0 0 0 0 0 0 0 0 0 0 0 0 0 0 0 
10c0
0 8 131056 0 0 0 0 0 0 0 536870911 1073741822 537027768 68529 14163 156857 0 0 0 0 0 0 0 0 0 0 0 0 0 0 0 0 
108c
0 8 131056 0 0 0 0 0 0 0 536870911 1073741822 142694 68529 14163 156857 0 0 0 0 0 0 0 0 0 0 0 0 0 0 0 0 
1090
0 8 131056 0 0 0 0 0 0 0 536870911 1073741822 142694 68529 128531 156857 0 0 0 0 0 0 0 0 0 0 0 0 0 0 0 0 
1094
0 8 131056 0 0 0 0 0 0 0 536870911 1073741822 211223 68529 128531 156857 0 0 0 0 0 0 0 0 0 0 0 0 0 0 0 0 
1098
0 8 131056 0 0 0 0 0 0 0 536870911 1073741822 211223 68529 257062 156857 0 0 0 0 0 0 0 0 0 0 0 0 0 0 0 0 
109c
0 8 131056 0 0 0 0 0 0 0 536870911 1073741822 211223 68529 4294921457 156857 0 0 0 0 0 0 0 0 0 0 0 0 0 0 0 0 
10a0
0 8 131056 0 0 0 0 0 0 0 536870911 1073741822 211223 68529 4294921457 202696 0 0 0 0 0 0 0 0 0 0 0 0 0 0 0 0 
10a4
0 8 131056 0 0 0 0 0 0 0 536870911 1073741822 248535 68529 4294921457 202696 0 0 0 0 0 0 0 0 0 0 0 0 0 0 0 0 
10a8
0 8 131056 0 0 0 0 0 0 0 536870911 1073741822 497070 68529 4294921457 202696 0 0 0 0 0 0 0 0 0 0 0 0 0 0 0 0 
10ac
0 8 131056 0 0 0 0 0 0 0 536870911 1073741822 497070 271225 4294921457 202696 0 0 0 0 0 0 0 0 0 0 0 0 0 0 0 0 
10b0
0 8 131056 0 0 0 0 0 0 0 536870911 1073741822 497070 4294741451 4294921457 202696 0 0 0 0 0 0 0 0 0 0 0 0 0 0 0 0 
10b4
0 8 131056 0 0 0 0 0 0 0 536870911 1073741822 497070 4294741451 4294921457 4294944147 0 0 0 0 0 0 0 0 0 0 0 0 0 0 0 0 
10b8
0 8 131056 0 0 0 0 0 0 0 536870911 1073741822 497070 4294741451 4294921457 4294447077 0 0 0 0 0 0 0 0 0 0 0 0 0 0 0 0 
10bc
0 8 131056 0 0 0 0 0 0 0 536870911 1073741822 536350692 4294741451 4294921457 4294447077 0 0 0 0 0 0 0 0 0 0 0 0 0 0 0 0 
10c0
0 8 131056 0 0 0 0 0 0 0 536870911 1073741822 536350692 4294741451 4294921457 4294447077 0 0 0 0 0 0 0 0 0 0 0 0 0 0 0 0 
108c
0 8 131056 0 0 0 0 0 0 0 536870911 1073741822 4294492916 4294741451 4294921457 4294447077 0 0 0 0 0 0 0 0 0 0 0 0 0 0 0 0 
1090
0 8 131056 0 0 0 0 0 0 0 536870911 1073741822 4294492916 4294741451 4294538755 4294447077 0 0 0 0 0 0 0 0 0 0 0 0 0 0 0 0 
1094
0 8 131056 0 0 0 0 0 0 0 536870911 1073741822 4294267071 4294741451 4294538755 4294447077 0 0 0 0 0 0 0 0 0 0 0 0 0 0 0 0 
1098
0 8 131056 0 0 0 0 0 0 0 536870911 1073741822 4294267071 4294741451 4294110214 4294447077 0 0 0 0 0 0 0 0 0 0 0 0 0 0 0 0 
109c
0 8 131056 0 0 0 0 0 0 0 536870911 1073741822 4294267071 4294741451 156857 4294447077 0 0 0 0 0 0 0 0 0 0 0 0 0 0 0 0 
10a0
0 8 131056 0 0 0 0 0 0 0 536870911 1073741822 4294267071 4294741451 156857 4294290220 0 0 0 0 0 0 0 0 0 0 0 0 0 0 0 0 
10a4
0 8 131056 0 0 0 0 0 0 0 536870911 1073741822 4294133363 4294741451 156857 4294290220 0 0 0 0 0 0 0 0 0 0 0 0 0 0 0 0 
10a8
0 8 131056 0 0 0 0 0 0 0 536870911 1073741822 4293299430 4294741451 156857 4294290220 0 0 0 0 0 0 0 0 0 0 0 0 0 0 0 0 
10ac
0 8 131056 0 0 0 0 0 0 0 536870911 1073741822 4293299430 4294064375 156857 4294290220 0 0 0 0 0 0 0 0 0 0 0 0 0 0 0 0 
10b0
0 8 131056 0 0 0 0 0 0 0 536870911 1073741822 4293299430 764945 156857 4294290220 0 0 0 0 0 0 0 0 0 0 0 0 0 0 0 0 
10b4
0 8 131056 0 0 0 0 0 0 0 536870911 1073741822 4293299430 764945 156857 87869 0 0 0 0 0 0 0 0 0 0 0 0 0 0 0 0 
10b8
0 8 131056 0 0 0 0 0 0 0 536870911 1073741822 4293299430 764945 156857 1755735 0 0 0 0 0 0 0 0 0 0 0 0 0 0 0 0 
10bc
0 8 131056 0 0 0 0 0 0 0 536870911 1073741822 538626646 764945 156857 1755735 0 0 0 0 0 0 0 0 0 0 0 0 0 0 0 0 
10c0
0 8 131056 0 0 0 0 0 0 0 536870911 1073741822 538626646 764945 156857 1755735 0 0 0 0 0 0 0 0 0 0 0 0 0 0 0 0 
108c
0 8 131056 0 0 0 0 0 0 0 536870911 1073741822 1598878 764945 156857 1755735 0 0 0 0 0 0 0 0 0 0 0 0 0 0 0 0 
1090
0 8 131056 0 0 0 0 0 0 0 536870911 1073741822 1598878 764945 1442021 1755735 0 0 0 0 0 0 0 0 0 0 0 0 0 0 0 0 
1094
0 8 131056 0 0 0 0 0 0 0 536870911 1073741822 2363823 764945 1442021 1755735 0 0 0 0 0 0 0 0 0 0 0 0 0 0 0 0 
1098
0 8 131056 0 0 0 0 0 0 0 536870911 1073741822 2363823 764945 2884042 1755735 0 0 0 0 0 0 0 0 0 0 0 0 0 0 0 0 
109c
0 8 131056 0 0 0 0 0 0 0 536870911 1073741822 2363823 764945 4294447077 1755735 0 0 0 0 0 0 0 0 0 0 0 0 0 0 0 0 
10a0
0 8 131056 0 0 0 0 0 0 0 536870911 1073741822 2363823 764945 4294447077 2275954 0 0 0 0 0 0 0 0 0 0 0 0 0 0 0 0 
10a4
0 8 131056 0 0 0 0 0 0 0 536870911 1073741822 2796173 764945 4294447077 2275954 0 0 0 0 0 0 0 0 0 0 0 0 0 0 0 0 
10a8
0 8 131056 0 0 0 0 0 0 0 536870911 1073741822 5592346 764945 4294447077 2275954 0 0 0 0 0 0 0 0 0 0 0 0 0 0 0 0 
10ac
0 8 131056 0 0 0 0 0 0 0 536870911 1073741822 5592346 3040899 4294447077 2275954 0 0 0 0 0 0 0 0 0 0 0 0 0 0 0 0 
10b0
0 8 131056 0 0 0 0 0 0 0 536870911 1073741822 5592346 4292415849 4294447077 2275954 0 0 0 0 0 0 0 0 0 0 0 0 0 0 0 0 
10b4
0 8 131056 0 0 0 0 0 0 0 536870911 1073741822 5592346 4292415849 4294447077 4294691803 0 0 0 0 0 0 0 0 0 0 0 0 0 0 0 0 
10b8
0 8 131056 0 0 0 0 0 0 0 536870911 1073741822 5592346 4292415849 4294447077 4289099457 0 0 0 0 0 0 0 0 0 0 0 0 0 0 0 0 
10bc
0 8 131056 0 0 0 0 0 0 0 536870911 1073741822 531003072 4292415849 4294447077 4289099457 0 0 0 0 0 0 0 0 0 0 0 0 0 0 0 0 
10c0
0 8 131056 0 0 0 0 0 0 0 536870911 1073741822 531003072 4292415849 4294447077 4289099457 0 0 0 0 0 0 0 0 0 0 0 0 0 0 0 0 
108c
0 8 131056 0 0 0 0 0 0 0 536870911 1073741822 4289619676 4292415849 4294447077 4289099457 0 0 0 0 0 0 0 0 0 0 0 0 0 0 0 0 
1090
0 8 131056 0 0 0 0 0 0 0 536870911 1073741822 4289619676 4292415849 4290139895 4289099457 0 0 0 0 0 0 0 0 0 0 0 0 0 0 0 0 
1094
0 8 131056 0 0 0 0 0 0 0 536870911 1073741822 4287068229 4292415849 4290139895 4289099457 0 0 0 0 0 0 0 0 0 0 0 0 0 0 0 0 
1098
0 8 131056 0 0 0 0 0 0 0 536870911 1073741822 4287068229 4292415849 4285312494 4289099457 0 0 0 0 0 0 0 0 0 0 0 0 0 0 0 0 
109c
0 8 131056 0 0 0 0 0 0 0 536870911 1073741822 4287068229 4292415849 1755735 4289099457 0 0 0 0 0 0 0 0 0 0 0 0 0 0 0 0 
10a0
0 8 131056 0 0 0 0 0 0 0 536870911 1073741822 4287068229 4292415849 1755735 4287343722 0 0 0 0 0 0 0 0 0 0 0 0 0 0 0 0 
10a4
0 8 131056 0 0 0 0 0 0 0 536870911 1073741822 4285587987 4292415849 1755735 4287343722 0 0 0 0 0 0 0 0 0 0 0 0 0 0 0 0 
10a8
0 8 131056 0 0 0 0 0 0 0 536870911 1073741822 4276208678 4292415849 1755735 4287343722 0 0 0 0 0 0 0 0 0 0 0 0 0 0 0 0 
10ac
0 8 131056 0 0 0 0 0 0 0 536870911 1073741822 4276208678 4284792275 1755735 4287343722 0 0 0 0 0 0 0 0 0 0 0 0 0 0 0 0 
10b0
0 8 131056 0 0 0 0 0 0 0 536870911 1073741822 4276208678 8583597 1755735 4287343722 0 0 0 0 0 0 0 0 0 0 0 0 0 0 0 0 
10b4
0 8 131056 0 0 0 0 0 0 0 536870911 1073741822 4276208678 8583597 1755735 960023 0 0 0 0 0 0 0 0 0 0 0 0 0 0 0 0 
10b8
0 8 131056 0 0 0 0 0 0 0 536870911 1073741822 4276208678 8583597 1755735 19718641 0 0 0 0 0 0 0 0 0 0 0 0 0 0 0 0 
10bc
0 8 131056 0 0 0 0 0 0 0 536870911 1073741822 556589552 8583597 1755735 19718641 0 0 0 0 0 0 0 0 0 0 0 0 0 0 0 0 
10c0
0 8 131056 0 0 0 0 0 0 0 536870911 1073741822 556589552 8583597 1755735 19718641 0 0 0 0 0 0 0 0 0 0 0 0 0 0 0 0 
108c
0 8 131056 0 0 0 0 0 0 0 536870911 1073741822 17962906 8583597 1755735 19718641 0 0 0 0 0 0 0 0 0 0 0 0 0 0 0 0 
1090
0 8 131056 0 0 0 0 0 0 0 536870911 1073741822 17962906 8583597 16207171 19718641 0 0 0 0 0 0 0 0 0 0 0 0 0 0 0 0 
1094
0 8 131056 0 0 0 0 0 0 0 536870911 1073741822 26546503 8583597 16207171 19718641 0 0 0 0 0 0 0 0 0 0 0 0 0 0 0 0 
1098
0 8 131056 0 0 0 0 0 0 0 536870911 1073741822 26546503 8583597 32414342 19718641 0 0 0 0 0 0 0 0 0 0 0 0 0 0 0 0 
109c
0 8 131056 0 0 0 0 0 0 0 536870911 1073741822 26546503 8583597 4289099457 19718641 0 0 0 0 0 0 0 0 0 0 0 0 0 0 0 0 
10a0
0 8 131056 0 0 0 0 0 0 0 536870911 1073741822 26546503 8583597 4289099457 25586480 0 0 0 0 0 0 0 0 0 0 0 0 0 0 0 0 
10a4
0 8 131056 0 0 0 0 0 0 0 536870911 1073741822 31454319 8583597 4289099457 25586480 0 0 0 0 0 0 0 0 0 0 0 0 0 0 0 0 
10a8
0 8 131056 0 0 0 0 0 0 0 536870911 1073741822 62908638 8583597 4289099457 25586480 0 0 0 0 0 0 0 0 0 0 0 0 0 0 0 0 
10ac
0 8 131056 0 0 0 0 0 0 0 536870911 1073741822 62908638 34170077 4289099457 25586480 0 0 0 0 0 0 0 0 0 0 0 0 0 0 0 0 
10b0
0 8 131056 0 0 0 0 0 0 0 536870911 1073741822 62908638 4266228735 4289099457 25586480 0 0 0 0 0 0 0 0 0 0 0 0 0 0 0 0 
10b4
0 8 131056 0 0 0 0 0 0 0 536870911 1073741822 62908638 4266228735 4289099457 4291815215 0 0 0 0 0 0 0 0 0 0 0 0 0 0 0 0 
10b8
0 8 131056 0 0 0 0 0 0 0 536870911 1073741822 62908638 4266228735 4289099457 4228906577 0 0 0 0 0 0 0 0 0 0 0 0 0 0 0 0 
10bc
0 8 131056 0 0 0 0 0 0 0 536870911 1073741822 470810192 4266228735 4289099457 4228906577 0 0 0 0 0 0 0 0 0 0 0 0 0 0 0 0 
10c0
0 8 131056 0 0 0 0 0 0 0 536870911 1073741822 470810192 4266228735 4289099457 4228906577 0 0 0 0 0 0 0 0 0 0 0 0 0 0 0 0 
108c
0 8 131056 0 0 0 0 0 0 0 536870911 1073741822 4234774416 4266228735 4289099457 4228906577 0 0 0 0 0 0 0 0 0 0 0 0 0 0 0 0 
1090
0 8 131056 0 0 0 0 0 0 0 536870911 1073741822 4234774416 4266228735 4240642255 4228906577 0 0 0 0 0 0 0 0 0 0 0 0 0 0 0 0 
1094
0 8 131056 0 0 0 0 0 0 0 536870911 1073741822 4206035855 4266228735 4240642255 4228906577 0 0 0 0 0 0 0 0 0 0 0 0 0 0 0 0 
1098
0 8 131056 0 0 0 0 0 0 0 536870911 1073741822 4206035855 4266228735 4186317214 4228906577 0 0 0 0 0 0 0 0 0 0 0 0 0 0 0 0 
109c
0 8 131056 0 0 0 0 0 0 0 536870911 1073741822 4206035855 4266228735 19718641 4228906577 0 0 0 0 0 0 0 0 0 0 0 0 0 0 0 0 
10a0
0 8 131056 0 0 0 0 0 0 0 536870911 1073741822 4206035855 4266228735 19718641 4209187936 0 0 0 0 0 0 0 0 0 0 0 0 0 0 0 0 
10a4
0 8 131056 0 0 0 0 0 0 0 536870911 1073741822 4189469295 4266228735 19718641 4209187936 0 0 0 0 0 0 0 0 0 0 0 0 0 0 0 0 
10a8
0 8 131056 0 0 0 0 0 0 0 536870911 1073741822 4083971294 4266228735 19718641 4209187936 0 0 0 0 0 0 0 0 0 0 0 0 0 0 0 0 
10ac
0 8 131056 0 0 0 0 0 0 0 536870911 1073741822 4083971294 4180449375 19718641 4209187936 0 0 0 0 0 0 0 0 0 0 0 0 0 0 0 0 
10b0
0 8 131056 0 0 0 0 0 0 0 536870911 1073741822 4083971294 96478081 19718641 4209187936 0 0 0 0 0 0 0 0 0 0 0 0 0 0 0 0 
10b4
0 8 131056 0 0 0 0 0 0 0 536870911 1073741822 4083971294 96478081 19718641 10698721 0 0 0 0 0 0 0 0 0 0 0 0 0 0 0 0 
10b8
0 8 131056 0 0 0 0 0 0 0 536870911 1073741822 4083971294 96478081 19718641 221694723 0 0 0 0 0 0 0 0 0 0 0 0 0 0 0 0 
10bc
0 8 131056 0 0 0 0 0 0 0 536870911 1073741822 758565634 96478081 19718641 221694723 0 0 0 0 0 0 0 0 0 0 0 0 0 0 0 0 
10c0
0 8 131056 0 0 0 0 0 0 0 536870911 1073741822 758565634 96478081 19718641 221694723 0 0 0 0 0 0 0 0 0 0 0 0 0 0 0 0 
108c
0 8 131056 0 0 0 0 0 0 0 536870911 1073741822 201976082 96478081 19718641 221694723 0 0 0 0 0 0 0 0 0 0 0 0 0 0 0 0 
1090
0 8 131056 0 0 0 0 0 0 0 536870911 1073741822 201976082 96478081 182257441 221694723 0 0 0 0 0 0 0 0 0 0 0 0 0 0 0 0 
1094
0 8 131056 0 0 0 0 0 0 0 536870911 1073741822 298454163 96478081 182257441 221694723 0 0 0 0 0 0 0 0 0 0 0 0 0 0 0 0 
1098
0 8 131056 0 0 0 0 0 0 0 536870911 1073741822 298454163 96478081 364514882 221694723 0 0 0 0 0 0 0 0 0 0 0 0 0 0 0 0 
109c
0 8 131056 0 0 0 0 0 0 0 536870911 1073741822 298454163 96478081 4228906577 221694723 0 0 0 0 0 0 0 0 0 0 0 0 0 0 0 0 
10a0
0 8 131056 0 0 0 0 0 0 0 536870911 1073741822 298454163 96478081 4228906577 287755442 0 0 0 0 0 0 0 0 0 0 0 0 0 0 0 0 
10a4
0 8 131056 0 0 0 0 0 0 0 536870911 1073741822 353816161 96478081 4228906577 287755442 0 0 0 0 0 0 0 0 0 0 0 0 0 0 0 0 
10a8
0 8 131056 0 0 0 0 0 0 0 536870911 1073741822 707632322 96478081 4228906577 287755442 0 0 0 0 0 0 0 0 0 0 0 0 0 0 0 0 
10ac
0 8 131056 0 0 0 0 0 0 0 536870911 1073741822 707632322 384233523 4228906577 287755442 0 0 0 0 0 0 0 0 0 0 0 0 0 0 0 0 
10b0
0 8 131056 0 0 0 0 0 0 0 536870911 1073741822 707632322 3971568497 4228906577 287755442 0 0 0 0 0 0 0 0 0 0 0 0 0 0 0 0 
10b4
0 8 131056 0 0 0 0 0 0 0 536870911 1073741822 707632322 3971568497 4228906577 4259323939 0 0 0 0 0 0 0 0 0 0 0 0 0 0 0 0 
10b8
0 8 131056 0 0 0 0 0 0 0 536870911 1073741822 707632322 3971568497 4228906577 3551691617 0 0 0 0 0 0 0 0 0 0 0 0 0 0 0 0 
10bc
0 8 131056 0 0 0 0 0 0 0 536870911 1073741822 4088562528 3971568497 4228906577 3551691617 0 0 0 0 0 0 0 0 0 0 0 0 0 0 0 0 
10c0
0 8 131056 0 0 0 0 0 0 0 536870911 1073741822 4088562528 3971568497 4228906577 3551691617 0 0 0 0 0 0 0 0 0 0 0 0 0 0 0 0 
10c4
0 8 131056 0 0 0 0 0 0 0 536870911 1073741822 4096 3971568497 4228906577 3551691617 0 0 0 0 0 0 0 0 0 0 0 0 0 0 0 0 
10c8
0 8 131056 0 0 0 0 0 0 0 536870911 1073741822 4096 3971568497 4228906577 3551691617 0 0 0 0 0 0 0 0 0 0 0 0 0 0 0 0 
10cc
0 8 131056 0 0 0 0 0 0 0 536870911 1073741822 4096 3971568497 4096 3551691617 0 0 0 0 0 0 0 0 0 0 0 0 0 0 0 0 
10d0
0 8 131056 0 0 0 0 0 0 0 536870911 1073741822 4096 3971568497 4096 3551691617 0 0 0 0 0 0 0 0 0 0 0 0 0 0 0 0 
10d4
0 8 131056 0 0 0 0 0 0 0 536870911 1073741822 4096 3971568497 4096 3551691617 0 0 0 0 0 0 0 0 0 0 0 0 0 0 0 0 
10d8
0 8 131056 0 0 0 0 0 0 0 536870911 1073741822 4096 3971568497 4096 3551691617 0 0 0 0 0 0 0 0 0 0 0 0 0 0 0 0 
10dc
0 8 131056 0 0 0 0 0 0 0 536870911 1073741822 4096 3971568497 4096 4096 0 0 0 0 0 0 0 0 0 0 0 0 0 0 0 0 
10e0
0 8 131056 0 0 0 0 0 0 0 4228906577 1073741822 4096 3971568497 4096 4096 0 0 0 0 0 0 0 0 0 0 0 0 0 0 0 0 
10e4
0 4328 131056 0 0 0 0 0 0 0 4228906577 1073741822 4096 3971568497 4096 4096 0 0 0 0 0 0 0 0 0 0 0 0 0 0 0 0 
1000
0 4328 131056 0 0 0 0 0 0 0 4228906577 1073741822 4096 3971568497 4096 4096 0 0 0 0 0 0 0 0 0 0 0 0 0 0 0 0 
1004
0 4328 131056 0 0 0 0 0 0 0 4228906577 1073741822 4096 3971568497 4096 0 0 0 0 0 0 0 0 0 0 0 0 0 0 0 0 0 
1008
0 4328 131056 0 0 0 0 0 0 0 4228906577 1073741822 4096 3971568497 4096 0 0 0 0 0 0 0 0 0 0 0 0 0 0 0 0 0 
100c
0 4328 131056 0 0 0 0 0 0 0 4228906750 1073741822 4096 3971568497 4096 0 0 0 0 0 0 0 0 0 0 0 0 0 0 0 0 0 
1010
0 4328 131056 0 0 0 0 0 0 0 4228906750 1073741822 4096 3971568497 4096 0 0 0 0 0 0 0 0 0 0 0 0 0 0 0 0 0 
1014
0 4328 131056 0 0 0 0 0 0 0 4228906750 1073741822 4096 3971568497 4096 0 0 0 0 0 0 0 0 0 0 0 0 0 0 0 0 0 
10e8
0 4328 131056 0 0 0 0 0 0 0 4228906750 1073741822 4096 3971568497 4096 4096 0 0 0 0 0 0 0 0 0 0 0 0 0 0 0 0 
10ec
0 4328 131056 0 0 0 0 0 0 0 3971568497 1073741822 4096 3971568497 4096 4096 0 0 0 0 0 0 0 0 0 0 0 0 0 0 0 0 
10f0
0 4340 131056 0 0 0 0 0 0 0 3971568497 1073741822 4096 3971568497 4096 4096 0 0 0 0 0 0 0 0 0 0 0 0 0 0 0 0 
1000
0 4340 131056 0 0 0 0 0 0 0 3971568497 1073741822 4096 3971568497 4096 4096 0 0 0 0 0 0 0 0 0 0 0 0 0 0 0 0 
1004
0 4340 131056 0 0 0 0 0 0 0 3971568497 1073741822 4096 3971568497 4096 4228906750 0 0 0 0 0 0 0 0 0 0 0 0 0 0 0 0 
1008
0 4340 131056 0 0 0 0 0 0 0 280407439 1073741822 4096 3971568497 4096 4228906750 0 0 0 0 0 0 0 0 0 0 0 0 0 0 0 0 
100c
0 4340 131056 0 0 0 0 0 0 0 280407612 1073741822 4096 3971568497 4096 4228906750 0 0 0 0 0 0 0 0 0 0 0 0 0 0 0 0 
1010
0 4340 131056 0 0 0 0 0 0 0 280407612 1073741822 4096 3971568497 4096 4228906750 0 0 0 0 0 0 0 0 0 0 0 0 0 0 0 0 
1014
0 4340 131056 0 0 0 0 0 0 0 280407612 1073741822 4096 3971568497 4096 4228906750 0 0 0 0 0 0 0 0 0 0 0 0 0 0 0 0 
10f4
0 4340 131056 0 0 0 0 0 0 0 280407612 1073741822 4096 3971568497 4096 4096 0 0 0 0 0 0 0 0 0 0 0 0 0 0 0 0 
10f8
0 4340 131056 0 0 0 0 0 0 0 3551691617 1073741822 4096 3971568497 4096 4096 0 0 0 0 0 0 0 0 0 0 0 0 0 0 0 0 
10fc
0 4352 131056 0 0 0 0 0 0 0 3551691617 1073741822 4096 3971568497 4096 4096 0 0 0 0 0 0 0 0 0 0 0 0 0 0 0 0 
1000
0 4352 131056 0 0 0 0 0 0 0 3551691617 1073741822 4096 3971568497 4096 4096 0 0 0 0 0 0 0 0 0 0 0 0 0 0 0 0 
1004
0 4352 131056 0 0 0 0 0 0 0 3551691617 1073741822 4096 3971568497 4096 280407612 0 0 0 0 0 0 0 0 0 0 0 0 0 0 0 0 
1008
0 4352 131056 0 0 0 0 0 0 0 3271830877 1073741822 4096 3971568497 4096 280407612 0 0 0 0 0 0 0 0 0 0 0 0 0 0 0 0 
100c
0 4352 131056 0 0 0 0 0 0 0 3271831050 1073741822 4096 3971568497 4096 280407612 0 0 0 0 0 0 0 0 0 0 0 0 0 0 0 0 
1010
0 4352 131056 0 0 0 0 0 0 0 3271831050 1073741822 4096 3971568497 4096 280407612 0 0 0 0 0 0 0 0 0 0 0 0 0 0 0 0 
1014
0 4352 131056 0 0 0 0 0 0 0 3271831050 1073741822 4096 3971568497 4096 280407612 0 0 0 0 0 0 0 0 0 0 0 0 0 0 0 0 
1100
0 4352 131056 0 0 0 0 0 0 0 3271831050 253 4096 3971568497 4096 280407612 0 0 0 0 0 0 0 0 0 0 0 0 0 0 0 0 
1104
0 4352 131056 0 0 0 0 0 0 0 3271831050 253 4096 3971568497 4096 4096 0 0 0 0 0 0 0 0 0 0 0 0 0 0 0 0 
1108
0 4352 131056 0 0 0 0 0 0 0 3271831050 253 4096 3971568497 4096 4096 0 0 0 0 0 0 0 0 0 0 0 0 0 0 0 0 
110c
0 4368 131056 0 0 0 0 0 0 0 3271831050 253 4096 3971568497 4096 4096 0 0 0 0 0 0 0 0 0 0 0 0 0 0 0 0 
11a0
0 4368 131056 0 0 4368 0 0 0 0 3271831050 253 4096 3971568497 4096 4096 0 0 0 0 0 0 0 0 0 0 0 0 0 0 0 0 
11a4
0 4368 131056 0 0 4368 0 0 0 0 3271831050 253 4096 3971568497 4096 4096 0 0 0 0 0 0 0 0 0 0 0 0 0 0 0 0 
11a8
0 4368 131056 0 0 4368 0 0 0 0 3271831050 253 4096 3971568497 4096 4096 0 0 0 0 0 0 0 0 0 0 0 0 0 0 0 0 
11c0
0 4368 131056 0 0 4368 0 0 0 0 1023136246 253 4096 3971568497 4096 4096 0 0 0 0 0 0 0 0 0 0 0 0 0 0 0 0 
11c4
0 4552 131056 0 0 4368 0 0 0 0 1023136246 253 4096 3971568497 4096 4096 0 0 0 0 0 0 0 0 0 0 0 0 0 0 0 0 
1124
0 4552 131056 0 0 4368 0 0 0 0 1023136246 253 253 3971568497 4096 4096 0 0 0 0 0 0 0 0 0 0 0 0 0 0 0 0 
1128
0 4552 131056 0 0 4368 0 0 0 0 1023136246 1023136246 253 3971568497 4096 4096 0 0 0 0 0 0 0 0 0 0 0 0 0 0 0 0 
112c
0 4552 131056 0 0 4368 0 0 0 0 4294967295 1023136246 253 3971568497 4096 4096 0 0 0 0 0 0 0 0 0 0 0 0 0 0 0 0 
1130
0 4552 131056 0 0 4368 0 0 0 0 4294967295 1023136246 253 3971568497 4096 4096 0 0 0 0 0 0 0 0 0 0 0 0 0 0 0 0 
1134
0 4552 131056 0 0 4368 0 0 0 0 4294967295 1023136246 253 1 4096 4096 0 0 0 0 0 0 0 0 0 0 0 0 0 0 0 0 
1138
0 4552 131056 0 0 4368 0 0 0 0 4294967295 1023136246 253 1 4096 4096 0 0 0 0 0 0 0 0 0 0 0 0 0 0 0 0 
113c
0 4552 131056 0 0 4368 0 0 0 0 4294967295 1023136246 253 1 4096 4096 0 0 0 0 0 0 0 0 0 0 0 0 0 0 0 0 
1140
0 4552 131056 0 0 4368 0 0 0 0 4294967295 1023136246 506 1 4096 4096 0 0 0 0 0 0 0 0 0 0 0 0 0 0 0 0 
1144
0 4552 131056 0 0 4368 0 0 0 0 4294967295 1023136246 506 2 4096 4096 0 0 0 0 0 0 0 0 0 0 0 0 0 0 0 0 
1148
0 4552 131056 0 0 4368 0 0 0 0 4294967295 1023136246 506 2 4096 4096 0 0 0 0 0 0 0 0 0 0 0 0 0 0 0 0 
113c
0 4552 131056 0 0 4368 0 0 0 0 4294967295 1023136246 506 2 4096 4096 0 0 0 0 0 0 0 0 0 0 0 0 0 0 0 0 
1140
0 4552 131056 0 0 4368 0 0 0 0 4294967295 1023136246 1012 2 4096 4096 0 0 0 0 0 0 0 0 0 0 0 0 0 0 0 0 
1144
0 4552 131056 0 0 4368 0 0 0 0 4294967295 1023136246 1012 4 4096 4096 0 0 0 0 0 0 0 0 0 0 0 0 0 0 0 0 
1148
0 4552 131056 0 0 4368 0 0 0 0 4294967295 1023136246 1012 4 4096 4096 0 0 0 0 0 0 0 0 0 0 0 0 0 0 0 0 
113c
0 4552 131056 0 0 4368 0 0 0 0 4294967295 1023136246 1012 4 4096 4096 0 0 0 0 0 0 0 0 0 0 0 0 0 0 0 0 
1140
0 4552 131056 0 0 4368 0 0 0 0 4294967295 1023136246 2024 4 4096 4096 0 0 0 0 0 0 0 0 0 0 0 0 0 0 0 0 
1144
0 4552 131056 0 0 4368 0 0 0 0 4294967295 1023136246 2024 8 4096 4096 0 0 0 0 0 0 0 0 0 0 0 0 0 0 0 0 
1148
0 4552 131056 0 0 4368 0 0 0 0 4294967295 1023136246 2024 8 4096 4096 0 0 0 0 0 0 0 0 0 0 0 0 0 0 0 0 
113c
0 4552 131056 0 0 4368 0 0 0 0 4294967295 1023136246 2024 8 4096 4096 0 0 0 0 0 0 0 0 0 0 0 0 0 0 0 0 
1140
0 4552 131056 0 0 4368 0 0 0 0 4294967295 1023136246 4048 8 4096 4096 0 0 0 0 0 0 0 0 0 0 0 0 0 0 0 0 
1144
0 4552 131056 0 0 4368 0 0 0 0 4294967295 1023136246 4048 16 4096 4096 0 0 0 0 0 0 0 0 0 0 0 0 0 0 0 0 
1148
0 4552 131056 0 0 4368 0 0 0 0 4294967295 1023136246 4048 16 4096 4096 0 0 0 0 0 0 0 0 0 0 0 0 0 0 0 0 
113c
0 4552 131056 0 0 4368 0 0 0 0 4294967295 1023136246 4048 16 4096 4096 0 0 0 0 0 0 0 0 0 0 0 0 0 0 0 0 
1140
0 4552 131056 0 0 4368 0 0 0 0 4294967295 1023136246 8096 16 4096 4096 0 0 0 0 0 0 0 0 0 0 0 0 0 0 0 0 
1144
0 4552 131056 0 0 4368 0 0 0 0 4294967295 1023136246 8096 32 4096 4096 0 0 0 0 0 0 0 0 0 0 0 0 0 0 0 0 
1148
0 4552 131056 0 0 4368 0 0 0 0 4294967295 1023136246 8096 32 4096 4096 0 0 0 0 0 0 0 0 0 0 0 0 0 0 0 0 
113c
0 4552 131056 0 0 4368 0 0 0 0 4294967295 1023136246 8096 32 4096 4096 0 0 0 0 0 0 0 0 0 0 0 0 0 0 0 0 
1140
0 4552 131056 0 0 4368 0 0 0 0 4294967295 1023136246 16192 32 4096 4096 0 0 0 0 0 0 0 0 0 0 0 0 0 0 0 0 
1144
0 4552 131056 0 0 4368 0 0 0 0 4294967295 1023136246 16192 64 4096 4096 0 0 0 0 0 0 0 0 0 0 0 0 0 0 0 0 
1148
0 4552 131056 0 0 4368 0 0 0 0 4294967295 1023136246 16192 64 4096 4096 0 0 0 0 0 0 0 0 0 0 0 0 0 0 0 0 
113c
0 4552 131056 0 0 4368 0 0 0 0 4294967295 1023136246 16192 64 4096 4096 0 0 0 0 0 0 0 0 0 0 0 0 0 0 0 0 
1140
0 4552 131056 0 0 4368 0 0 0 0 4294967295 1023136246 32384 64 4096 4096 0 0 0 0 0 0 0 0 0 0 0 0 0 0 0 0 
1144
0 4552 131056 0 0 4368 0 0 0 0 4294967295 1023136246 32384 128 4096 4096 0 0 0 0 0 0 0 0 0 0 0 0 0 0 0 0 
1148
0 4552 131056 0 0 4368 0 0 0 0 4294967295 1023136246 32384 128 4096 4096 0 0 0 0 0 0 0 0 0 0 0 0 0 0 0 0 
113c
0 4552 131056 0 0 4368 0 0 0 0 4294967295 1023136246 32384 128 4096 4096 0 0 0 0 0 0 0 0 0 0 0 0 0 0 0 0 
1140
0 4552 131056 0 0 4368 0 0 0 0 4294967295 1023136246 64768 128 4096 4096 0 0 0 0 0 0 0 0 0 0 0 0 0 0 0 0 
1144
0 4552 131056 0 0 4368 0 0 0 0 4294967295 1023136246 64768 256 4096 4096 0 0 0 0 0 0 0 0 0 0 0 0 0 0 0 0 
1148
0 4552 131056 0 0 4368 0 0 0 0 4294967295 1023136246 64768 256 4096 4096 0 0 0 0 0 0 0 0 0 0 0 0 0 0 0 0 
113c
0 4552 131056 0 0 4368 0 0 0 0 4294967295 1023136246 64768 256 4096 4096 0 0 0 0 0 0 0 0 0 0 0 0 0 0 0 0 
1140
0 4552 131056 0 0 4368 0 0 0 0 4294967295 1023136246 129536 256 4096 4096 0 0 0 0 0 0 0 0 0 0 0 0 0 0 0 0 
1144
0 4552 131056 0 0 4368 0 0 0 0 4294967295 1023136246 129536 512 4096 4096 0 0 0 0 0 0 0 0 0 0 0 0 0 0 0 0 
1148
0 4552 131056 0 0 4368 0 0 0 0 4294967295 1023136246 129536 512 4096 4096 0 0 0 0 0 0 0 0 0 0 0 0 0 0 0 0 
113c
0 4552 131056 0 0 4368 0 0 0 0 4294967295 1023136246 129536 512 4096 4096 0 0 0 0 0 0 0 0 0 0 0 0 0 0 0 0 
1140
0 4552 131056 0 0 4368 0 0 0 0 4294967295 1023136246 259072 512 4096 4096 0 0 0 0 0 0 0 0 0 0 0 0 0 0 0 0 
1144
0 4552 131056 0 0 4368 0 0 0 0 4294967295 1023136246 259072 1024 4096 4096 0 0 0 0 0 0 0 0 0 0 0 0 0 0 0 0 
1148
0 4552 131056 0 0 4368 0 0 0 0 4294967295 1023136246 259072 1024 4096 4096 0 0 0 0 0 0 0 0 0 0 0 0 0 0 0 0 
113c
0 4552 131056 0 0 4368 0 0 0 0 4294967295 1023136246 259072 1024 4096 4096 0 0 0 0 0 0 0 0 0 0 0 0 0 0 0 0 
1140
0 4552 131056 0 0 4368 0 0 0 0 4294967295 1023136246 518144 1024 4096 4096 0 0 0 0 0 0 0 0 0 0 0 0 0 0 0 0 
1144
0 4552 131056 0 0 4368 0 0 0 0 4294967295 1023136246 518144 2048 4096 4096 0 0 0 0 0 0 0 0 0 0 0 0 0 0 0 0 
1148
0 4552 131056 0 0 4368 0 0 0 0 4294967295 1023136246 518144 2048 4096 4096 0 0 0 0 0 0 0 0 0 0 0 0 0 0 0 0 
113c
0 4552 131056 0 0 4368 0 0 0 0 4294967295 1023136246 518144 2048 4096 4096 0 0 0 0 0 0 0 0 0 0 0 0 0 0 0 0 
1140
0 4552 131056 0 0 4368 0 0 0 0 4294967295 1023136246 1036288 2048 4096 4096 0 0 0 0 0 0 0 0 0 0 0 0 0 0 0 0 
1144
0 4552 131056 0 0 4368 0 0 0 0 4294967295 1023136246 1036288 4096 4096 4096 0 0 0 0 0 0 0 0 0 0 0 0 0 0 0 0 
1148
0 4552 131056 0 0 4368 0 0 0 0 4294967295 1023136246 1036288 4096 4096 4096 0 0 0 0 0 0 0 0 0 0 0 0 0 0 0 0 
113c
0 4552 131056 0 0 4368 0 0 0 0 4294967295 1023136246 1036288 4096 4096 4096 0 0 0 0 0 0 0 0 0 0 0 0 0 0 0 0 
1140
0 4552 131056 0 0 4368 0 0 0 0 4294967295 1023136246 2072576 4096 4096 4096 0 0 0 0 0 0 0 0 0 0 0 0 0 0 0 0 
1144
0 4552 131056 0 0 4368 0 0 0 0 4294967295 1023136246 2072576 8192 4096 4096 0 0 0 0 0 0 0 0 0 0 0 0 0 0 0 0 
1148
0 4552 131056 0 0 4368 0 0 0 0 4294967295 1023136246 2072576 8192 4096 4096 0 0 0 0 0 0 0 0 0 0 0 0 0 0 0 0 
113c
0 4552 131056 0 0 4368 0 0 0 0 4294967295 1023136246 2072576 8192 4096 4096 0 0 0 0 0 0 0 0 0 0 0 0 0 0 0 0 
1140
0 4552 131056 0 0 4368 0 0 0 0 4294967295 1023136246 4145152 8192 4096 4096 0 0 0 0 0 0 0 0 0 0 0 0 0 0 0 0 
1144
0 4552 131056 0 0 4368 0 0 0 0 4294967295 1023136246 4145152 16384 4096 4096 0 0 0 0 0 0 0 0 0 0 0 0 0 0 0 0 
1148
0 4552 131056 0 0 4368 0 0 0 0 4294967295 1023136246 4145152 16384 4096 4096 0 0 0 0 0 0 0 0 0 0 0 0 0 0 0 0 
113c
0 4552 131056 0 0 4368 0 0 0 0 4294967295 1023136246 4145152 16384 4096 4096 0 0 0 0 0 0 0 0 0 0 0 0 0 0 0 0 
1140
0 4552 131056 0 0 4368 0 0 0 0 4294967295 1023136246 8290304 16384 4096 4096 0 0 0 0 0 0 0 0 0 0 0 0 0 0 0 0 
1144
0 4552 131056 0 0 4368 0 0 0 0 4294967295 1023136246 8290304 32768 4096 4096 0 0 0 0 0 0 0 0 0 0 0 0 0 0 0 0 
1148
0 4552 131056 0 0 4368 0 0 0 0 4294967295 1023136246 8290304 32768 4096 4096 0 0 0 0 0 0 0 0 0 0 0 0 0 0 0 0 
113c
0 4552 131056 0 0 4368 0 0 0 0 4294967295 1023136246 8290304 32768 4096 4096 0 0 0 0 0 0 0 0 0 0 0 0 0 0 0 0 
1140
0 4552 131056 0 0 4368 0 0 0 0 4294967295 1023136246 16580608 32768 4096 4096 0 0 0 0 0 0 0 0 0 0 0 0 0 0 0 0 
1144
0 4552 131056 0 0 4368 0 0 0 0 4294967295 1023136246 16580608 65536 4096 4096 0 0 0 0 0 0 0 0 0 0 0 0 0 0 0 0 
1148
0 4552 131056 0 0 4368 0 0 0 0 4294967295 1023136246 16580608 65536 4096 4096 0 0 0 0 0 0 0 0 0 0 0 0 0 0 0 0 
113c
0 4552 131056 0 0 4368 0 0 0 0 4294967295 1023136246 16580608 65536 4096 4096 0 0 0 0 0 0 0 0 0 0 0 0 0 0 0 0 
1140
0 4552 131056 0 0 4368 0 0 0 0 4294967295 1023136246 33161216 65536 4096 4096 0 0 0 0 0 0 0 0 0 0 0 0 0 0 0 0 
1144
0 4552 131056 0 0 4368 0 0 0 0 4294967295 1023136246 33161216 131072 4096 4096 0 0 0 0 0 0 0 0 0 0 0 0 0 0 0 0 
1148
0 4552 131056 0 0 4368 0 0 0 0 4294967295 1023136246 33161216 131072 4096 4096 0 0 0 0 0 0 0 0 0 0 0 0 0 0 0 0 
113c
0 4552 131056 0 0 4368 0 0 0 0 4294967295 1023136246 33161216 131072 4096 4096 0 0 0 0 0 0 0 0 0 0 0 0 0 0 0 0 
1140
0 4552 131056 0 0 4368 0 0 0 0 4294967295 1023136246 66322432 131072 4096 4096 0 0 0 0 0 0 0 0 0 0 0 0 0 0 0 0 
1144
0 4552 131056 0 0 4368 0 0 0 0 4294967295 1023136246 66322432 262144 4096 4096 0 0 0 0 0 0 0 0 0 0 0 0 0 0 0 0 
1148
0 4552 131056 0 0 4368 0 0 0 0 4294967295 1023136246 66322432 262144 4096 4096 0 0 0 0 0 0 0 0 0 0 0 0 0 0 0 0 
113c
0 4552 131056 0 0 4368 0 0 0 0 4294967295 1023136246 66322432 262144 4096 4096 0 0 0 0 0 0 0 0 0 0 0 0 0 0 0 0 
1140
0 4552 131056 0 0 4368 0 0 0 0 4294967295 1023136246 132644864 262144 4096 4096 0 0 0 0 0 0 0 0 0 0 0 0 0 0 0 0 
1144
0 4552 131056 0 0 4368 0 0 0 0 4294967295 1023136246 132644864 524288 4096 4096 0 0 0 0 0 0 0 0 0 0 0 0 0 0 0 0 
1148
0 4552 131056 0 0 4368 0 0 0 0 4294967295 1023136246 132644864 524288 4096 4096 0 0 0 0 0 0 0 0 0 0 0 0 0 0 0 0 
113c
0 4552 131056 0 0 4368 0 0 0 0 4294967295 1023136246 132644864 524288 4096 4096 0 0 0 0 0 0 0 0 0 0 0 0 0 0 0 0 
1140
0 4552 131056 0 0 4368 0 0 0 0 4294967295 1023136246 265289728 524288 4096 4096 0 0 0 0 0 0 0 0 0 0 0 0 0 0 0 0 
1144
0 4552 131056 0 0 4368 0 0 0 0 4294967295 1023136246 265289728 1048576 4096 4096 0 0 0 0 0 0 0 0 0 0 0 0 0 0 0 0 
1148
0 4552 131056 0 0 4368 0 0 0 0 4294967295 1023136246 265289728 1048576 4096 4096 0 0 0 0 0 0 0 0 0 0 0 0 0 0 0 0 
113c
0 4552 131056 0 0 4368 0 0 0 0 4294967295 1023136246 265289728 1048576 4096 4096 0 0 0 0 0 0 0 0 0 0 0 0 0 0 0 0 
1140
0 4552 131056 0 0 4368 0 0 0 0 4294967295 1023136246 530579456 1048576 4096 4096 0 0 0 0 0 0 0 0 0 0 0 0 0 0 0 0 
1144
0 4552 131056 0 0 4368 0 0 0 0 4294967295 1023136246 530579456 2097152 4096 4096 0 0 0 0 0 0 0 0 0 0 0 0 0 0 0 0 
1148
0 4552 131056 0 0 4368 0 0 0 0 4294967295 1023136246 530579456 2097152 4096 4096 0 0 0 0 0 0 0 0 0 0 0 0 0 0 0 0 
113c
0 4552 131056 0 0 4368 0 0 0 0 4294967295 1023136246 530579456 2097152 4096 4096 0 0 0 0 0 0 0 0 0 0 0 0 0 0 0 0 
1140
0 4552 131056 0 0 4368 0 0 0 0 4294967295 1023136246 1061158912 2097152 4096 4096 0 0 0 0 0 0 0 0 0 0 0 0 0 0 0 0 
1144
0 4552 131056 0 0 4368 0 0 0 0 4294967295 1023136246 1061158912 4194304 4096 4096 0 0 0 0 0 0 0 0 0 0 0 0 0 0 0 0 
1148
0 4552 131056 0 0 4368 0 0 0 0 4294967295 1023136246 1061158912 4194304 4096 4096 0 0 0 0 0 0 0 0 0 0 0 0 0 0 0 0 
114c
0 4552 131056 0 0 4368 0 0 0 0 0 1023136246 1061158912 4194304 4096 4096 0 0 0 0 0 0 0 0 0 0 0 0 0 0 0 0 
1150
0 4552 131056 0 0 4368 0 0 0 0 0 1023136246 1061158912 4194304 4096 4096 0 0 0 0 0 0 0 0 0 0 0 0 0 0 0 0 
115c
0 4552 131056 0 0 4368 0 0 0 0 0 1023136246 1061158912 2097152 4096 4096 0 0 0 0 0 0 0 0 0 0 0 0 0 0 0 0 
1160
0 4552 131056 0 0 4368 0 0 0 0 0 1023136246 530579456 2097152 4096 4096 0 0 0 0 0 0 0 0 0 0 0 0 0 0 0 0 
1164
0 4552 131056 0 0 4368 0 0 0 0 0 1023136246 530579456 2097152 4096 4096 0 0 0 0 0 0 0 0 0 0 0 0 0 0 0 0 
1150
0 4552 131056 0 0 4368 0 0 0 0 0 1023136246 530579456 2097152 4096 4096 0 0 0 0 0 0 0 0 0 0 0 0 0 0 0 0 
1154
0 4552 131056 0 0 4368 0 0 0 0 0 492556790 530579456 2097152 4096 4096 0 0 0 0 0 0 0 0 0 0 0 0 0 0 0 0 
1158
0 4552 131056 0 0 4368 0 0 0 0 2097152 492556790 530579456 2097152 4096 4096 0 0 0 0 0 0 0 0 0 0 0 0 0 0 0 0 
115c
0 4552 131056 0 0 4368 0 0 0 0 2097152 492556790 530579456 1048576 4096 4096 0 0 0 0 0 0 0 0 0 0 0 0 0 0 0 0 
1160
0 4552 131056 0 0 4368 0 0 0 0 2097152 492556790 265289728 1048576 4096 4096 0 0 0 0 0 0 0 0 0 0 0 0 0 0 0 0 
1164
0 4552 131056 0 0 4368 0 0 0 0 2097152 492556790 265289728 1048576 4096 4096 0 0 0 0 0 0 0 0 0 0 0 0 0 0 0 0 
1150
0 4552 131056 0 0 4368 0 0 0 0 2097152 492556790 265289728 1048576 4096 4096 0 0 0 0 0 0 0 0 0 0 0 0 0 0 0 0 
1154
0 4552 131056 0 0 4368 0 0 0 0 2097152 227267062 265289728 1048576 4096 4096 0 0 0 0 0 0 0 0 0 0 0 0 0 0 0 0 
1158
0 4552 131056 0 0 4368 0 0 0 0 3145728 227267062 265289728 1048576 4096 4096 0 0 0 0 0 0 0 0 0 0 0 0 0 0 0 0 
115c
0 4552 131056 0 0 4368 0 0 0 0 3145728 227267062 265289728 524288 4096 4096 0 0 0 0 0 0 0 0 0 0 0 0 0 0 0 0 
1160
0 4552 131056 0 0 4368 0 0 0 0 3145728 227267062 132644864 524288 4096 4096 0 0 0 0 0 0 0 0 0 0 0 0 0 0 0 0 
1164
0 4552 131056 0 0 4368 0 0 0 0 3145728 227267062 132644864 524288 4096 4096 0 0 0 0 0 0 0 0 0 0 0 0 0 0 0 0 
1150
0 4552 131056 0 0 4368 0 0 0 0 3145728 227267062 132644864 524288 4096 4096 0 0 0 0 0 0 0 0 0 0 0 0 0 0 0 0 
1154
0 4552 131056 0 0 4368 0 0 0 0 3145728 94622198 132644864 524288 4096 4096 0 0 0 0 0 0 0 0 0 0 0 0 0 0 0 0 
1158
0 4552 131056 0 0 4368 0 0 0 0 3670016 94622198 132644864 524288 4096 4096 0 0 0 0 0 0 0 0 0 0 0 0 0 0 0 0 
115c
0 4552 131056 0 0 4368 0 0 0 0 3670016 94622198 132644864 262144 4096 4096 0 0 0 0 0 0 0 0 0 0 0 0 0 0 0 0 
1160
0 4552 131056 0 0 4368 0 0 0 0 3670016 94622198 66322432 262144 4096 4096 0 0 0 0 0 0 0 0 0 0 0 0 0 0 0 0 
1164
0 4552 131056 0 0 4368 0 0 0 0 3670016 94622198 66322432 262144 4096 4096 0 0 0 0 0 0 0 0 0 0 0 0 0 0 0 0 
1150
0 4552 131056 0 0 4368 0 0 0 0 3670016 94622198 66322432 262144 4096 4096 0 0 0 0 0 0 0 0 0 0 0 0 0 0 0 0 
1154
0 4552 131056 0 0 4368 0 0 0 0 3670016 28299766 66322432 262144 4096 4096 0 0 0 0 0 0 0 0 0 0 0 0 0 0 0 0 
1158
0 4552 131056 0 0 4368 0 0 0 0 3932160 28299766 66322432 262144 4096 4096 0 0 0 0 0 0 0 0 0 0 0 0 0 0 0 0 
115c
0 4552 131056 0 0 4368 0 0 0 0 3932160 28299766 66322432 131072 4096 4096 0 0 0 0 0 0 0 0 0 0 0 0 0 0 0 0 
1160
0 4552 131056 0 0 4368 0 0 0 0 3932160 28299766 33161216 131072 4096 4096 0 0 0 0 0 0 0 0 0 0 0 0 0 0 0 0 
1164
0 4552 131056 0 0 4368 0 0 0 0 3932160 28299766 33161216 131072 4096 4096 0 0 0 0 0 0 0 0 0 0 0 0 0 0 0 0 
1150
0 4552 131056 0 0 4368 0 0 0 0 3932160 28299766 33161216 131072 4096 4096 0 0 0 0 0 0 0 0 0 0 0 0 0 0 0 0 
115c
0 4552 131056 0 0 4368 0 0 0 0 3932160 28299766 33161216 65536 4096 4096 0 0 0 0 0 0 0 0 0 0 0 0 0 0 0 0 
1160
0 4552 131056 0 0 4368 0 0 0 0 3932160 28299766 16580608 65536 4096 4096 0 0 0 0 0 0 0 0 0 0 0 0 0 0 0 0 
1164
0 4552 131056 0 0 4368 0 0 0 0 3932160 28299766 16580608 65536 4096 4096 0 0 0 0 0 0 0 0 0 0 0 0 0 0 0 0 
1150
0 4552 131056 0 0 4368 0 0 0 0 3932160 28299766 16580608 65536 4096 4096 0 0 0 0 0 0 0 0 0 0 0 0 0 0 0 0 
1154
0 4552 131056 0 0 4368 0 0 0 0 3932160 11719158 16580608 65536 4096 4096 0 0 0 0 0 0 0 0 0 0 0 0 0 0 0 0 
1158
0 4552 131056 0 0 4368 0 0 0 0 3997696 11719158 16580608 65536 4096 4096 0 0 0 0 0 0 0 0 0 0 0 0 0 0 0 0 
115c
0 4552 131056 0 0 4368 0 0 0 0 3997696 11719158 16580608 32768 4096 4096 0 0 0 0 0 0 0 0 0 0 0 0 0 0 0 0 
1160
0 4552 131056 0 0 4368 0 0 0 0 3997696 11719158 8290304 32768 4096 4096 0 0 0 0 0 0 0 0 0 0 0 0 0 0 0 0 
1164
0 4552 131056 0 0 4368 0 0 0 0 3997696 11719158 8290304 32768 4096 4096 0 0 0 0 0 0 0 0 0 0 0 0 0 0 0 0 
1150
0 4552 131056 0 0 4368 0 0 0 0 3997696 11719158 8290304 32768 4096 4096 0 0 0 0 0 0 0 0 0 0 0 0 0 0 0 0 
1154
0 4552 131056 0 0 4368 0 0 0 0 3997696 3428854 8290304 32768 4096 4096 0 0 0 0 0 0 0 0 0 0 0 0 0 0 0 0 
1158
0 4552 131056 0 0 4368 0 0 0 0 4030464 3428854 8290304 32768 4096 4096 0 0 0 0 0 0 0 0 0 0 0 0 0 0 0 0 
115c
0 4552 131056 0 0 4368 0 0 0 0 4030464 3428854 8290304 16384 4096 4096 0 0 0 0 0 0 0 0 0 0 0 0 0 0 0 0 
1160
0 4552 131056 0 0 4368 0 0 0 0 4030464 3428854 4145152 16384 4096 4096 0 0 0 0 0 0 0 0 0 0 0 0 0 0 0 0 
1164
0 4552 131056 0 0 4368 0 0 0 0 4030464 3428854 4145152 16384 4096 4096 0 0 0 0 0 0 0 0 0 0 0 0 0 0 0 0 
1150
0 4552 131056 0 0 4368 0 0 0 0 4030464 3428854 4145152 16384 4096 4096 0 0 0 0 0 0 0 0 0 0 0 0 0 0 0 0 
115c
0 4552 131056 0 0 4368 0 0 0 0 4030464 3428854 4145152 8192 4096 4096 0 0 0 0 0 0 0 0 0 0 0 0 0 0 0 0 
1160
0 4552 131056 0 0 4368 0 0 0 0 4030464 3428854 2072576 8192 4096 4096 0 0 0 0 0 0 0 0 0 0 0 0 0 0 0 0 
1164
0 4552 131056 0 0 4368 0 0 0 0 4030464 3428854 2072576 8192 4096 4096 0 0 0 0 0 0 0 0 0 0 0 0 0 0 0 0 
1150
0 4552 131056 0 0 4368 0 0 0 0 4030464 3428854 2072576 8192 4096 4096 0 0 0 0 0 0 0 0 0 0 0 0 0 0 0 0 
1154
0 4552 131056 0 0 4368 0 0 0 0 4030464 1356278 2072576 8192 4096 4096 0 0 0 0 0 0 0 0 0 0 0 0 0 0 0 0 
1158
0 4552 131056 0 0 4368 0 0 0 0 4038656 1356278 2072576 8192 4096 4096 0 0 0 0 0 0 0 0 0 0 0 0 0 0 0 0 
115c
0 4552 131056 0 0 4368 0 0 0 0 4038656 1356278 2072576 4096 4096 4096 0 0 0 0 0 0 0 0 0 0 0 0 0 0 0 0 
1160
0 4552 131056 0 0 4368 0 0 0 0 4038656 1356278 1036288 4096 4096 4096 0 0 0 0 0 0 0 0 0 0 0 0 0 0 0 0 
1164
0 4552 131056 0 0 4368 0 0 0 0 4038656 1356278 1036288 4096 4096 4096 0 0 0 0 0 0 0 0 0 0 0 0 0 0 0 0 
1150
0 4552 131056 0 0 4368 0 0 0 0 4038656 1356278 1036288 4096 4096 4096 0 0 0 0 0 0 0 0 0 0 0 0 0 0 0 0 
1154
0 4552 131056 0 0 4368 0 0 0 0 4038656 319990 1036288 4096 4096 4096 0 0 0 0 0 0 0 0 0 0 0 0 0 0 0 0 
1158
0 4552 131056 0 0 4368 0 0 0 0 4042752 319990 1036288 4096 4096 4096 0 0 0 0 0 0 0 0 0 0 0 0 0 0 0 0 
115c
0 4552 131056 0 0 4368 0 0 0 0 4042752 319990 1036288 2048 4096 4096 0 0 0 0 0 0 0 0 0 0 0 0 0 0 0 0 
1160
0 4552 131056 0 0 4368 0 0 0 0 4042752 319990 518144 2048 4096 4096 0 0 0 0 0 0 0 0 0 0 0 0 0 0 0 0 
1164
0 4552 131056 0 0 4368 0 0 0 0 4042752 319990 518144 2048 4096 4096 0 0 0 0 0 0 0 0 0 0 0 0 0 0 0 0 
1150
0 4552 131056 0 0 4368 0 0 0 0 4042752 319990 518144 2048 4096 4096 0 0 0 0 0 0 0 0 0 0 0 0 0 0 0 0 
115c
0 4552 131056 0 0 4368 0 0 0 0 4042752 319990 518144 1024 4096 4096 0 0 0 0 0 0 0 0 0 0 0 0 0 0 0 0 
1160
0 4552 131056 0 0 4368 0 0 0 0 4042752 319990 259072 1024 4096 4096 0 0 0 0 0 0 0 0 0 0 0 0 0 0 0 0 
1164
0 4552 131056 0 0 4368 0 0 0 0 4042752 319990 259072 1024 4096 4096 0 0 0 0 0 0 0 0 0 0 0 0 0 0 0 0 
1150
0 4552 131056 0 0 4368 0 0 0 0 4042752 319990 259072 1024 4096 4096 0 0 0 0 0 0 0 0 0 0 0 0 0 0 0 0 
1154
0 4552 131056 0 0 4368 0 0 0 0 4042752 60918 259072 1024 4096 4096 0 0 0 0 0 0 0 0 0 0 0 0 0 0 0 0 
1158
0 4552 131056 0 0 4368 0 0 0 0 4043776 60918 259072 1024 4096 4096 0 0 0 0 0 0 0 0 0 0 0 0 0 0 0 0 
115c
0 4552 131056 0 0 4368 0 0 0 0 4043776 60918 259072 512 4096 4096 0 0 0 0 0 0 0 0 0 0 0 0 0 0 0 0 
1160
0 4552 131056 0 0 4368 0 0 0 0 4043776 60918 129536 512 4096 4096 0 0 0 0 0 0 0 0 0 0 0 0 0 0 0 0 
1164
0 4552 131056 0 0 4368 0 0 0 0 4043776 60918 129536 512 4096 4096 0 0 0 0 0 0 0 0 0 0 0 0 0 0 0 0 
1150
0 4552 131056 0 0 4368 0 0 0 0 4043776 60918 129536 512 4096 4096 0 0 0 0 0 0 0 0 0 0 0 0 0 0 0 0 
115c
0 4552 131056 0 0 4368 0 0 0 0 4043776 60918 129536 256 4096 4096 0 0 0 0 0 0 0 0 0 0 0 0 0 0 0 0 
1160
0 4552 131056 0 0 4368 0 0 0 0 4043776 60918 64768 256 4096 4096 0 0 0 0 0 0 0 0 0 0 0 0 0 0 0 0 
1164
0 4552 131056 0 0 4368 0 0 0 0 4043776 60918 64768 256 4096 4096 0 0 0 0 0 0 0 0 0 0 0 0 0 0 0 0 
1150
0 4552 131056 0 0 4368 0 0 0 0 4043776 60918 64768 256 4096 4096 0 0 0 0 0 0 0 0 0 0 0 0 0 0 0 0 
115c
0 4552 131056 0 0 4368 0 0 0 0 4043776 60918 64768 128 4096 4096 0 0 0 0 0 0 0 0 0 0 0 0 0 0 0 0 
1160
0 4552 131056 0 0 4368 0 0 0 0 4043776 60918 32384 128 4096 4096 0 0 0 0 0 0 0 0 0 0 0 0 0 0 0 0 
1164
0 4552 131056 0 0 4368 0 0 0 0 4043776 60918 32384 128 4096 4096 0 0 0 0 0 0 0 0 0 0 0 0 0 0 0 0 
1150
0 4552 131056 0 0 4368 0 0 0 0 4043776 60918 32384 128 4096 4096 0 0 0 0 0 0 0 0 0 0 0 0 0 0 0 0 
1154
0 4552 131056 0 0 4368 0 0 0 0 4043776 28534 32384 128 4096 4096 0 0 0 0 0 0 0 0 0 0 0 0 0 0 0 0 
1158
0 4552 131056 0 0 4368 0 0 0 0 4043904 28534 32384 128 4096 4096 0 0 0 0 0 0 0 0 0 0 0 0 0 0 0 0 
115c
0 4552 131056 0 0 4368 0 0 0 0 4043904 28534 32384 64 4096 4096 0 0 0 0 0 0 0 0 0 0 0 0 0 0 0 0 
1160
0 4552 131056 0 0 4368 0 0 0 0 4043904 28534 16192 64 4096 4096 0 0 0 0 0 0 0 0 0 0 0 0 0 0 0 0 
1164
0 4552 131056 0 0 4368 0 0 0 0 4043904 28534 16192 64 4096 4096 0 0 0 0 0 0 0 0 0 0 0 0 0 0 0 0 
1150
0 4552 131056 0 0 4368 0 0 0 0 4043904 28534 16192 64 4096 4096 0 0 0 0 0 0 0 0 0 0 0 0 0 0 0 0 
1154
0 4552 131056 0 0 4368 0 0 0 0 4043904 12342 16192 64 4096 4096 0 0 0 0 0 0 0 0 0 0 0 0 0 0 0 0 
1158
0 4552 131056 0 0 4368 0 0 0 0 4043968 12342 16192 64 4096 4096 0 0 0 0 0 0 0 0 0 0 0 0 0 0 0 0 
115c
0 4552 131056 0 0 4368 0 0 0 0 4043968 12342 16192 32 4096 4096 0 0 0 0 0 0 0 0 0 0 0 0 0 0 0 0 
1160
0 4552 131056 0 0 4368 0 0 0 0 4043968 12342 8096 32 4096 4096 0 0 0 0 0 0 0 0 0 0 0 0 0 0 0 0 
1164
0 4552 131056 0 0 4368 0 0 0 0 4043968 12342 8096 32 4096 4096 0 0 0 0 0 0 0 0 0 0 0 0 0 0 0 0 
1150
0 4552 131056 0 0 4368 0 0 0 0 4043968 12342 8096 32 4096 4096 0 0 0 0 0 0 0 0 0 0 0 0 0 0 0 0 
1154
0 4552 131056 0 0 4368 0 0 0 0 4043968 4246 8096 32 4096 4096 0 0 0 0 0 0 0 0 0 0 0 0 0 0 0 0 
1158
0 4552 131056 0 0 4368 0 0 0 0 4044000 4246 8096 32 4096 4096 0 0 0 0 0 0 0 0 0 0 0 0 0 0 0 0 
115c
0 4552 131056 0 0 4368 0 0 0 0 4044000 4246 8096 16 4096 4096 0 0 0 0 0 0 0 0 0 0 0 0 0 0 0 0 
1160
0 4552 131056 0 0 4368 0 0 0 0 4044000 4246 4048 16 4096 4096 0 0 0 0 0 0 0 0 0 0 0 0 0 0 0 0 
1164
0 4552 131056 0 0 4368 0 0 0 0 4044000 4246 4048 16 4096 4096 0 0 0 0 0 0 0 0 0 0 0 0 0 0 0 0 
1150
0 4552 131056 0 0 4368 0 0 0 0 4044000 4246 4048 16 4096 4096 0 0 0 0 0 0 0 0 0 0 0 0 0 0 0 0 
1154
0 4552 131056 0 0 4368 0 0 0 0 4044000 198 4048 16 4096 4096 0 0 0 0 0 0 0 0 0 0 0 0 0 0 0 0 
1158
0 4552 131056 0 0 4368 0 0 0 0 4044016 198 4048 16 4096 4096 0 0 0 0 0 0 0 0 0 0 0 0 0 0 0 0 
115c
0 4552 131056 0 0 4368 0 0 0 0 4044016 198 4048 8 4096 4096 0 0 0 0 0 0 0 0 0 0 0 0 0 0 0 0 
1160
0 4552 131056 0 0 4368 0 0 0 0 4044016 198 2024 8 4096 4096 0 0 0 0 0 0 0 0 0 0 0 0 0 0 0 0 
1164
0 4552 131056 0 0 4368 0 0 0 0 4044016 198 2024 8 4096 4096 0 0 0 0 0 0 0 0 0 0 0 0 0 0 0 0 
1150
0 4552 131056 0 0 4368 0 0 0 0 4044016 198 2024 8 4096 4096 0 0 0 0 0 0 0 0 0 0 0 0 0 0 0 0 
115c
0 4552 131056 0 0 4368 0 0 0 0 4044016 198 2024 4 4096 4096 0 0 0 0 0 0 0 0 0 0 0 0 0 0 0 0 
1160
0 4552 131056 0 0 4368 0 0 0 0 4044016 198 1012 4 4096 4096 0 0 0 0 0 0 0 0 0 0 0 0 0 0 0 0 
1164
0 4552 131056 0 0 4368 0 0 0 0 4044016 198 1012 4 4096 4096 0 0 0 0 0 0 0 0 0 0 0 0 0 0 0 0 
1150
0 4552 131056 0 0 4368 0 0 0 0 4044016 198 1012 4 4096 4096 0 0 0 0 0 0 0 0 0 0 0 0 0 0 0 0 
115c
0 4552 131056 0 0 4368 0 0 0 0 4044016 198 1012 2 4096 4096 0 0 0 0 0 0 0 0 0 0 0 0 0 0 0 0 
1160
0 4552 131056 0 0 4368 0 0 0 0 4044016 198 506 2 4096 4096 0 0 0 0 0 0 0 0 0 0 0 0 0 0 0 0 
1164
0 4552 131056 0 0 4368 0 0 0 0 4044016 198 506 2 4096 4096 0 0 0 0 0 0 0 0 0 0 0 0 0 0 0 0 
1150
0 4552 131056 0 0 4368 0 0 0 0 4044016 198 506 2 4096 4096 0 0 0 0 0 0 0 0 0 0 0 0 0 0 0 0 
115c
0 4552 131056 0 0 4368 0 0 0 0 4044016 198 506 1 4096 4096 0 0 0 0 0 0 0 0 0 0 0 0 0 0 0 0 
1160
0 4552 131056 0 0 4368 0 0 0 0 4044016 198 253 1 4096 4096 0 0 0 0 0 0 0 0 0 0 0 0 0 0 0 0 
1164
0 4552 131056 0 0 4368 0 0 0 0 4044016 198 253 1 4096 4096 0 0 0 0 0 0 0 0 0 0 0 0 0 0 0 0 
1150
0 4552 131056 0 0 4368 0 0 0 0 4044016 198 253 1 4096 4096 0 0 0 0 0 0 0 0 0 0 0 0 0 0 0 0 
115c
0 4552 131056 0 0 4368 0 0 0 0 4044016 198 253 0 4096 4096 0 0 0 0 0 0 0 0 0 0 0 0 0 0 0 0 
1160
0 4552 131056 0 0 4368 0 0 0 0 4044016 198 126 0 4096 4096 0 0 0 0 0 0 0 0 0 0 0 0 0 0 0 0 
1164
0 4552 131056 0 0 4368 0 0 0 0 4044016 198 126 0 4096 4096 0 0 0 0 0 0 0 0 0 0 0 0 0 0 0 0 
1168
0 4552 131056 0 0 4368 0 0 0 0 4044016 198 126 0 4096 4096 0 0 0 0 0 0 0 0 0 0 0 0 0 0 0 0 
11c8
0 4552 131056 0 0 4368 0 0 0 0 4294967098 198 126 0 4096 4096 0 0 0 0 0 0 0 0 0 0 0 0 0 0 0 0 
11cc
0 4552 131056 0 0 4368 0 0 0 0 4294967098 198 126 0 4096 4096 0 0 0 0 0 0 0 0 0 0 0 0 0 0 0 0 
1110
0 8 131056 0 0 4368 0 0 0 0 4294967098 198 126 0 4096 4096 0 0 0 0 0 0 0 0 0 0 0 0 0 0 0 0 
1114
0 8 131072 0 0 4368 0 0 0 0 4294967098 198 126 0 4096 4096 0 0 0 0 0 0 0 0 0 0 0 0 0 0 0 0 
1118
0 8 131072 0 0 4368 0 0 0 0 4294967098 198 126 0 4096 4096 0 0 0 0 0 0 0 0 0 0 0 0 0 0 0 0 
8
58
